metric,HOTA,DetA,AssA,DetRe,DetPr,AssRe,AssPr,LocA,OWTA,HOTA(0),LocA(0),HOTALocA(0),MOTA,MOTP,MODA,CLR_Re,CLR_Pr,MTR,PTR,MLR,CLR_TP,CLR_FN,CLR_FP,IDSW,MT,PT,ML,Frag,sMOTA,IDF1,IDR,IDP,IDTP,IDFN,IDFP,Dets,GT_Dets,IDs,GT_IDs
macaques_imagenet_10,62.83,60.037,66.125,67.823,71.062,70.476,78.231,79.705,66.942,84.127,75.097,63.177,76.446,76.269,76.68,86.061,90.171,73.81,19.048,7.1429,10669,1728,1163,29,31,8,3,56,56.023,81.927,80.06,83.883,9925,2472,1907,11832,12397,69,42
macaques_imagenet_100,64.01,61.455,67.405,67.624,74.334,71.477,80.977,80.755,67.351,83.591,76.385,63.851,77.204,77.713,77.486,84.23,92.587,73.81,19.048,7.1429,10442,1955,836,35,31,8,3,54,58.432,82.593,78.866,86.691,9777,2620,1501,11278,12397,68,42
macaques_imagenet_100_1e-5,67.887,66.572,69.841,71.765,76.928,73.435,82.04,81.167,70.69,87.921,77.301,67.964,86.005,78.062,86.158,89.723,96.178,80.952,14.286,4.7619,11123,1274,442,19,34,6,2,34,66.321,85.928,83.044,89.019,10295,2102,1270,11565,12397,62,42
macaques_imagenet_100_5e-5,67.171,64.6,70.06,70.864,74.849,74.083,79.778,80.728,70.451,88.23,76.853,67.808,83.754,77.576,83.867,89.272,94.292,80.952,14.286,4.7619,11067,1330,670,14,34,6,2,31,63.736,87.271,84.948,89.725,10531,1866,1206,11737,12397,56,42
macaques_imagenet_10_1e-5,55.476,51.331,60.276,56.349,68.721,64.722,73.679,76.872,58.253,78.701,70.928,55.821,67.984,72.496,68.121,75.058,91.54,59.524,23.81,16.667,9305,3092,860,17,25,10,7,48,47.34,77.396,70.428,85.893,8731,3666,1434,10165,12397,47,42
macaques_imagenet_10_5e-5,63.671,60.463,67.515,67.559,71.565,71.205,78.202,79.379,67.499,85.516,74.42,63.64,76.188,76.155,76.365,85.384,90.447,73.81,16.667,9.5238,10585,1812,1118,22,31,7,4,71,55.828,82.124,79.826,84.56,9896,2501,1807,11703,12397,60,42
macaques_imagenet_110,67.375,64.794,70.555,70.017,76.101,73.997,81.606,80.815,70.208,88.177,76.83,67.746,84.287,77.522,84.488,88.247,95.914,78.571,16.667,4.7619,10940,1457,466,25,33,7,2,42,64.45,86.804,83.335,90.575,10331,2066,1075,11406,12397,59,42
macaques_imagenet_110_1e-5,68.038,65.781,70.876,70.233,77.249,74.501,81.48,80.851,70.479,88.999,76.877,68.419,85.101,77.711,85.254,88.086,96.886,78.571,14.286,7.1429,10920,1477,351,19,33,6,3,35,65.468,87.46,83.488,91.829,10350,2047,921,11271,12397,57,42
macaques_imagenet_110_5e-5,67.368,64.879,70.259,70.013,76.016,73.591,80.973,80.629,70.115,88.135,76.844,67.726,84.222,77.477,84.343,88.223,95.787,76.19,19.048,4.7619,10937,1460,481,15,32,8,2,32,64.352,87.684,84.222,91.443,10441,1956,977,11418,12397,58,42
macaques_imagenet_120,65.787,63.698,68.466,68.601,76.638,71.704,81.733,81.061,68.455,85.352,77.158,65.856,81.939,77.936,82.157,85.835,95.891,76.19,19.048,4.7619,10641,1756,456,27,32,8,2,36,63,84.532,80.1,89.484,9930,2467,1167,11097,12397,60,42
macaques_imagenet_120_1e-5,66.94,64.847,69.642,69.882,76.054,73.833,80.035,80.527,69.671,87.738,76.536,67.151,84.117,77.314,84.27,88.078,95.856,78.571,14.286,7.1429,10919,1478,472,19,33,6,3,42,64.135,85.858,82.375,89.65,10212,2185,1179,11391,12397,58,42
macaques_imagenet_120_5e-5,67.902,65.819,70.389,70.738,76.979,73.689,81.35,81.071,70.54,87.989,77.474,68.169,84.98,78.067,85.101,88.497,96.304,78.571,16.667,4.7619,10971,1426,421,15,33,7,2,36,65.57,87.099,83.569,90.941,10360,2037,1032,11392,12397,58,42
macaques_imagenet_130,65.564,63.494,68.185,68.432,76.229,71.44,81.257,80.852,68.241,85.302,76.918,65.612,81.883,77.729,82.109,85.94,95.732,71.429,23.81,4.7619,10654,1743,475,28,30,10,2,42,62.743,85.012,80.665,89.855,10000,2397,1129,11129,12397,60,42
macaques_imagenet_130_1e-5,67.667,65.108,70.824,70.184,76.604,74.618,81.169,80.951,70.433,88.074,77.073,67.881,83.803,77.867,83.988,87.804,95.836,78.571,14.286,7.1429,10885,1512,473,23,33,6,3,47,64.369,86.281,82.665,90.227,10248,2149,1110,11358,12397,60,42
macaques_imagenet_130_5e-5,67.378,64.889,70.234,69.883,76.343,73.384,80.828,80.783,70.047,87.902,77.129,67.798,84.246,77.762,84.424,87.981,96.114,76.19,19.048,4.7619,10907,1490,441,22,32,8,2,30,64.681,87.075,83.391,91.1,10338,2059,1010,11348,12397,59,42
macaques_imagenet_140,65.218,63.042,68.027,67.381,76.614,71.394,81.143,80.601,67.622,85.021,76.747,65.251,82.117,77.322,82.318,85.134,96.799,71.429,26.19,2.381,10554,1843,349,25,30,11,1,34,62.81,85.15,80.019,90.984,9920,2477,983,10903,12397,58,42
macaques_imagenet_140_1e-5,66.948,65.575,68.859,70.242,76.992,72.34,81.322,80.82,69.479,87.114,76.917,67.006,84.48,77.755,84.633,87.933,96.384,76.19,19.048,4.7619,10901,1496,409,19,32,8,2,38,64.92,86.008,82.238,90.141,10195,2202,1115,11310,12397,58,42
macaques_imagenet_140_5e-5,67.14,65.267,69.433,69.894,76.53,72.716,80.793,80.532,69.636,87.656,76.735,67.263,85.037,77.34,85.198,88.263,96.644,76.19,19.048,4.7619,10942,1455,380,20,32,8,2,28,65.036,87.508,83.714,91.662,10378,2019,944,11322,12397,58,42
macaques_imagenet_150,66.237,64.355,68.73,68.922,77.239,71.755,82.098,81.22,68.741,85.232,77.547,66.094,82.681,78.153,82.939,86.085,96.474,71.429,23.81,4.7619,10672,1725,390,32,30,10,2,39,63.874,84.957,80.382,90.083,9965,2432,1097,11062,12397,62,42
macaques_imagenet_150_1e-5,65.989,64.567,67.961,69.562,75.832,72.036,79.612,80.346,68.684,86.451,76.359,66.013,83.762,77.149,83.907,87.82,95.735,78.571,14.286,7.1429,10887,1510,485,18,33,6,3,42,63.695,84.211,80.729,88.006,10008,2389,1364,11372,12397,58,42
macaques_imagenet_150_5e-5,65.831,64.631,67.471,69.927,76.156,70.519,81.226,80.952,68.648,85.38,77.167,65.886,83.399,77.883,83.625,87.723,95.537,76.19,19.048,4.7619,10875,1522,508,28,32,8,2,37,63.997,84.029,80.592,87.771,9991,2406,1392,11383,12397,63,42
macaques_imagenet_160,65.401,63.621,67.699,67.772,77.002,70.897,80.838,80.658,67.675,85.084,76.793,65.338,82.705,77.442,82.851,85.432,97.067,76.19,19.048,4.7619,10591,1806,320,18,32,8,2,41,63.433,84.477,79.414,90.23,9845,2552,1066,10911,12397,57,42
macaques_imagenet_160_1e-5,65.758,64.931,67.096,69.984,76.245,71.304,79.218,80.662,68.461,85.601,76.745,65.694,83.915,77.541,84.109,87.949,95.817,78.571,14.286,7.1429,10903,1494,476,24,33,6,3,36,64.163,83.092,79.681,86.809,9878,2519,1501,11379,12397,60,42
macaques_imagenet_160_5e-5,68.029,65.938,70.488,70.363,77.351,73.568,81.418,80.988,70.407,88.14,77.483,68.293,85.19,78.009,85.319,88.142,96.896,76.19,19.048,4.7619,10927,1470,350,16,32,8,2,38,65.807,87.776,83.811,92.134,10390,2007,887,11277,12397,59,42
macaques_imagenet_170,66.236,64.743,68.238,69.019,76.876,71.478,80.766,80.601,68.568,86.208,76.821,66.225,84.182,77.397,84.375,87.078,96.99,76.19,19.048,4.7619,10795,1602,335,24,32,8,2,37,64.499,86.122,81.721,91.024,10131,2266,999,11130,12397,58,42
macaques_imagenet_170_1e-5,66.66,65.498,68.334,70.427,76.472,71.664,81.42,80.645,69.314,86.831,76.696,66.596,84.714,77.474,84.867,88.481,96.076,80.952,14.286,4.7619,10969,1428,448,19,34,6,2,35,64.783,85.58,82.197,89.253,10190,2207,1227,11417,12397,57,42
macaques_imagenet_170_5e-5,67.154,64.484,70.31,69.529,75.703,73.595,80.738,80.267,69.888,88.287,76.425,67.474,83.335,77.206,83.44,87.642,95.424,73.81,21.429,4.7619,10865,1532,521,13,31,9,2,38,63.357,87.289,83.73,91.165,10380,2017,1006,11386,12397,58,42
macaques_imagenet_180,65.984,63.519,69.125,67.591,77.115,72.297,82.023,80.67,68.266,85.973,76.763,65.995,82.552,77.407,82.681,85.166,97.165,73.81,21.429,4.7619,10558,1839,308,16,31,9,2,35,63.311,86.326,80.995,92.408,10041,2356,825,10866,12397,55,42
macaques_imagenet_180_1e-5,67.069,65.278,69.357,70.525,76.171,73.151,80.497,80.726,69.888,87.614,76.793,67.281,84.496,77.59,84.65,88.618,95.714,78.571,14.286,7.1429,10986,1411,492,19,33,6,3,46,64.637,86.023,82.835,89.467,10269,2128,1209,11478,12397,57,42
macaques_imagenet_180_5e-5,67.441,65.349,70.15,70.34,76.835,73.865,80.984,81.113,70.172,87.125,77.38,67.418,84.278,78.083,84.448,87.997,96.123,76.19,19.048,4.7619,10909,1488,440,21,32,8,2,38,64.992,86.322,82.673,90.308,10249,2148,1100,11349,12397,58,42
macaques_imagenet_190,64.56,63.078,66.731,67.182,76.754,69.962,81.064,80.562,66.841,83.966,76.681,64.386,82.246,77.261,82.463,84.996,97.106,73.81,21.429,4.7619,10537,1860,314,27,31,9,2,60,62.918,83.698,78.479,89.66,9729,2668,1122,10851,12397,60,42
macaques_imagenet_190_1e-5,66.748,64.977,69.019,69.789,76.388,72.394,81.179,80.555,69.353,87.336,76.586,66.888,84.262,77.388,84.408,87.884,96.195,78.571,14.286,7.1429,10895,1502,431,18,33,6,3,39,64.39,85.815,82.109,89.873,10179,2218,1147,11326,12397,58,42
macaques_imagenet_190_5e-5,67.246,64.766,70.277,69.816,75.968,73.417,81.314,80.547,69.998,87.716,76.808,67.373,84.222,77.522,84.351,88.126,95.892,73.81,21.429,4.7619,10925,1472,468,16,31,9,2,29,64.413,87.053,83.528,90.889,10355,2042,1038,11393,12397,57,42
macaques_imagenet_20,64.185,61.609,67.245,68.206,74.015,70.853,80.221,80.779,67.689,84.277,76.3,64.304,77.728,77.875,78.067,85.109,92.358,73.81,21.429,4.7619,10551,1846,873,42,31,9,2,45,58.898,81.726,78.519,85.207,9734,2663,1690,11424,12397,65,42
macaques_imagenet_200,64.293,62.417,66.782,66.882,76.215,69.704,81.345,80.554,66.752,83.699,76.632,64.14,81.116,77.229,81.415,84.585,96.388,73.81,21.429,4.7619,10486,1911,393,37,31,9,2,49,61.856,83.906,78.769,89.76,9765,2632,1114,10879,12397,61,42
macaques_imagenet_200_1e-5,67.667,65.365,70.449,70.199,77.144,73.7,82.142,81.115,70.291,87.644,77.259,67.713,84.085,78.107,84.254,87.626,96.295,78.571,14.286,7.1429,10863,1534,418,21,33,6,3,35,64.901,85.624,81.77,89.859,10137,2260,1144,11281,12397,63,42
macaques_imagenet_200_5e-5,67.495,65.1,70.445,70.256,76.207,73.985,80.849,80.748,70.292,88.059,76.962,67.772,83.77,77.79,83.899,88.045,95.503,78.571,16.667,4.7619,10915,1482,514,16,33,7,2,40,64.215,86.41,83.036,90.069,10294,2103,1135,11429,12397,56,42
macaques_imagenet_20_1e-5,62.938,60.402,66.015,66.518,71.613,69.982,76.781,78.705,66.217,85.264,73.996,63.092,79.414,75.06,79.543,86.214,92.818,71.429,21.429,7.1429,10688,1709,827,16,30,9,3,34,57.912,83.464,80.495,86.661,9979,2418,1536,11515,12397,57,42
macaques_imagenet_20_5e-5,68.215,66.256,70.5,71.571,76.926,74.285,80.43,81.318,71.019,88.919,77.33,68.761,84.157,78.515,84.327,88.683,95.318,80.952,11.905,7.1429,10994,1403,540,21,34,5,3,42,65.104,86.958,83.932,90.212,10405,1992,1129,11534,12397,58,42
macaques_imagenet_30,63.734,60.281,67.622,69.665,70.501,72.341,77.953,80.786,68.627,83.788,76.548,64.139,74.833,77.876,75.099,86.957,88,80.952,14.286,4.7619,10780,1617,1470,33,34,6,2,43,55.594,82.095,81.608,82.588,10117,2280,2133,12250,12397,64,42
macaques_imagenet_30_1e-5,65.07,63.625,66.846,67.896,76.104,70.021,79.986,79.961,67.351,86.288,75.863,65.461,82.504,76.754,82.649,85.932,96.32,71.429,21.429,7.1429,10653,1744,407,18,30,9,3,45,62.528,84.333,79.785,89.43,9891,2506,1169,11060,12397,60,42
macaques_imagenet_30_5e-5,65.096,62.992,67.674,68.731,74.696,71.853,78.856,80.395,68.153,85.554,76.185,65.18,79.931,77.524,80.124,86.069,93.539,73.81,16.667,9.5238,10670,1727,737,24,31,7,4,42,60.585,83.574,80.237,87.201,9947,2450,1460,11407,12397,61,42
macaques_imagenet_40,62.201,59.361,65.718,65.236,73.103,69.512,79.434,79.757,65.4,82.818,75.177,62.26,76.938,76.235,77.236,83.238,93.275,73.81,16.667,9.5238,10319,2078,744,37,31,7,4,46,57.157,81.151,76.785,86.044,9519,2878,1544,11063,12397,71,42
macaques_imagenet_40_1e-5,66.283,63.562,69.618,70.589,73.655,73.866,79.691,80.68,70.019,86.767,76.43,66.316,80.568,77.689,80.705,88.271,92.105,80.952,9.5238,9.5238,10943,1454,938,17,34,4,4,38,60.874,84.364,82.609,86.196,10241,2156,1640,11881,12397,59,42
macaques_imagenet_40_5e-5,64.674,62.47,67.3,69.935,72.17,71.421,78.244,79.963,68.581,85.6,75.691,64.791,80.245,76.721,80.431,88.667,91.501,80.952,14.286,4.7619,10992,1405,1021,23,34,6,2,34,59.605,84.769,83.456,86.123,10346,2051,1667,12013,12397,59,42
macaques_imagenet_50,62.993,60.524,65.825,66.28,72.369,69.318,77.409,78.871,66.027,85.705,74.118,63.523,79.398,75.463,79.681,85.634,93.5,78.571,14.286,7.1429,10616,1781,738,35,33,6,3,44,58.386,83.988,80.455,87.846,9974,2423,1380,11354,12397,66,42
macaques_imagenet_50_1e-5,65.618,62.944,68.887,67.971,74.188,72.753,79.056,79.274,68.359,88.28,74.764,66.001,83.02,75.751,83.165,87.392,95.387,78.571,11.905,9.5238,10834,1563,524,18,33,5,4,33,61.828,86.592,82.964,90.553,10285,2112,1073,11358,12397,54,42
macaques_imagenet_50_5e-5,62.753,60.422,65.513,67.191,70.423,69.255,76.38,78.399,66.311,85.382,73.858,63.061,80.165,74.662,80.407,87.908,92.137,78.571,11.905,9.5238,10898,1499,930,30,33,5,4,33,57.89,83.212,81.302,85.213,10079,2318,1749,11828,12397,67,42
macaques_imagenet_60,64.864,61.342,68.867,68.88,71.774,72.405,79.372,79.999,68.855,86.132,75.837,65.32,79.495,76.683,79.834,87.9,91.595,76.19,16.667,7.1429,10897,1500,1000,42,32,7,3,42,58.999,84.704,82.996,86.484,10289,2108,1608,11897,12397,80,42
macaques_imagenet_60_1e-5,65.54,62.844,68.807,69.037,73.577,72.381,79.864,79.913,68.87,87.088,75.381,65.648,81.608,76.644,81.794,87.812,93.587,76.19,14.286,9.5238,10886,1511,746,23,32,6,4,37,61.099,84.864,82.246,87.655,10196,2201,1436,11632,12397,63,42
macaques_imagenet_60_5e-5,67.287,64.267,70.889,70.669,75.845,74.578,82.144,81.792,70.733,86.931,77.684,67.531,80.931,79.157,81.157,87.166,93.55,73.81,16.667,9.5238,10806,1591,745,28,31,7,4,41,62.763,84.374,81.496,87.464,10103,2294,1448,11551,12397,69,42
macaques_imagenet_70,59.822,57.781,62.233,69.901,65.999,66.488,75.984,79.728,65.93,80.177,75.052,60.175,71.211,76.418,71.679,88.796,83.839,83.333,11.905,4.7619,11008,1389,2122,58,35,5,2,62,50.271,76.476,78.737,74.341,9761,2636,3369,13130,12397,92,42
macaques_imagenet_70_1e-5,67.414,64.908,70.489,69.77,76.781,73.859,81.982,80.965,70.079,87.578,77.038,67.468,82.98,77.94,83.141,87.005,95.748,78.571,11.905,9.5238,10786,1611,479,20,33,5,4,46,63.787,85.665,81.754,89.969,10135,2262,1130,11265,12397,61,42
macaques_imagenet_70_5e-5,63.976,62.739,65.643,72.509,70.947,70.104,78.284,80.706,68.96,84.055,76.081,63.949,78.253,77.795,78.567,90.385,88.437,80.952,14.286,4.7619,11205,1192,1465,39,34,6,2,46,58.183,81.007,81.899,80.134,10153,2244,2517,12670,12397,73,42
macaques_imagenet_80,63.28,60.609,66.311,69.027,70.547,70.205,77.378,79.895,67.639,84.495,75.292,63.617,77.164,76.877,77.567,87.707,89.637,78.571,14.286,7.1429,10873,1524,1257,50,33,6,3,42,56.883,82.26,81.375,83.166,10088,2309,2042,12130,12397,87,42
macaques_imagenet_80_1e-5,67.051,64.44,70.343,69.749,75.611,74.326,80.773,80.604,69.936,87.672,76.578,67.137,83.189,77.483,83.327,87.787,95.164,78.571,11.905,9.5238,10883,1514,553,17,33,5,4,30,63.422,86.477,83.125,90.11,10305,2092,1131,11436,12397,59,42
macaques_imagenet_80_5e-5,65.157,62.344,68.588,69.583,71.665,72.847,78.184,79.391,69.012,87.336,75.083,65.574,81.705,75.879,81.98,89.538,92.216,80.952,11.905,7.1429,11100,1297,937,34,34,5,3,47,60.108,85.798,84.553,87.081,10482,1915,1555,12037,12397,64,42
macaques_imagenet_90,65.956,63.492,69.009,68.737,75.204,72.554,80.666,80.319,68.798,87.027,76.284,66.388,81.867,77.142,82.092,86.747,94.908,76.19,16.667,7.1429,10754,1643,577,28,32,7,3,49,62.038,85.19,81.528,89.198,10107,2290,1224,11331,12397,73,42
macaques_imagenet_90_1e-5,66.631,63.741,70.345,69.645,74.727,74.178,81.454,80.422,69.859,87.64,76.21,66.79,82.302,77.112,82.472,87.836,94.244,78.571,11.905,9.5238,10889,1508,665,21,33,5,4,53,62.198,85.925,83.004,89.06,10290,2107,1264,11554,12397,62,42
macaques_imagenet_90_5e-5,66.26,64.738,68.035,69.754,75.755,71.133,80.309,80.349,68.882,87.357,76.475,66.806,83.891,77.22,84.045,88.062,95.637,73.81,21.429,4.7619,10917,1480,498,19,31,9,2,43,63.831,86.461,83.036,90.18,10294,2103,1121,11415,12397,64,42
macaques_macaquecp_10,64.314,61.569,67.676,67.31,73.636,71.579,79.544,79.701,67.418,85.947,75.027,64.484,79.568,76.329,79.745,85.577,93.62,71.429,21.429,7.1429,10609,1788,723,22,30,9,3,48,59.31,84.192,80.576,88.149,9989,2408,1343,11332,12397,56,42
macaques_macaquecp_100,62.931,59.835,66.56,69.077,70.199,70.063,79.766,80.428,67.776,82.986,75.87,62.962,75.736,77.133,76.026,87.215,88.63,80.952,9.5238,9.5238,10812,1585,1387,36,34,4,4,58,55.792,79.777,79.14,80.425,9811,2586,2388,12199,12397,95,42
macaques_macaquecp_100_1e-5,70.482,66.036,75.524,72,78.628,78.837,84.765,83.615,73.724,87.453,80.605,70.491,80.649,81.295,80.81,86.19,94.124,76.19,14.286,9.5238,10685,1712,667,20,32,6,4,33,64.527,85.519,81.915,89.456,10155,2242,1197,11352,12397,64,42
macaques_macaquecp_100_5e-5,71.949,69.175,75.201,73.356,81.007,78.633,84.415,83.35,74.253,89.566,80.427,72.036,86.053,80.903,86.182,88.368,97.586,78.571,11.905,9.5238,10955,1442,271,16,33,5,4,37,69.177,88.067,83.907,92.66,10402,1995,824,11226,12397,65,42
macaques_macaquecp_10_1e-5,68.711,63.131,75.146,67.427,80.849,78.695,85.132,84.087,71.16,85.011,80.726,68.625,77.148,81.774,77.236,80.318,96.305,71.429,16.667,11.905,9957,2440,382,11,30,7,5,29,62.509,84.641,77.616,93.065,9622,2775,717,10339,12397,51,42
macaques_macaquecp_10_5e-5,70.493,67.454,74.003,71.826,81.984,77.282,85.645,84.544,72.888,86.319,81.514,70.361,82.302,82.318,82.48,85.045,97.072,76.19,16.667,7.1429,10543,1854,318,22,32,7,3,32,67.264,84.994,79.729,91.005,9884,2513,977,10861,12397,58,42
macaques_macaquecp_110,66.807,65.237,68.773,70.05,76.674,72.703,79.862,80.787,69.383,87.106,76.978,67.053,84.448,77.627,84.714,88.037,96.362,78.571,14.286,7.1429,10914,1483,412,33,33,6,3,54,64.751,85.2,81.52,89.228,10106,2291,1220,11326,12397,64,42
macaques_macaquecp_110_1e-5,70.294,65.51,75.715,71.701,78.322,78.979,84.963,83.715,73.666,86.969,80.706,70.189,79.971,81.369,80.173,85.859,93.788,76.19,11.905,11.905,10644,1753,705,25,32,5,5,30,63.975,85.657,82.036,89.611,10170,2227,1179,11349,12397,67,42
macaques_macaquecp_110_5e-5,71.349,68.884,74.245,73.098,81.062,78.214,83.918,83.474,73.651,88.527,80.653,71.4,85.593,81.074,85.674,87.924,97.504,80.952,7.1429,11.905,10900,1497,279,10,34,3,5,27,68.953,87.318,83.028,92.074,10293,2104,886,11179,12397,57,42
macaques_macaquecp_120,66.531,65.625,67.898,70.418,77.083,71.154,81.165,81.073,69.102,86.051,77.252,66.476,84.883,77.922,85.125,88.239,96.592,76.19,14.286,9.5238,10939,1458,386,30,32,6,4,49,65.402,84.327,80.681,88.318,10002,2395,1323,11325,12397,67,42
macaques_macaquecp_120_1e-5,70.663,65.988,75.935,71.563,78.993,79.174,84.994,83.561,73.703,87.765,80.628,70.763,81.108,81.166,81.254,85.924,94.845,76.19,14.286,9.5238,10652,1745,579,18,32,6,4,27,64.926,87.125,83.028,91.648,10293,2104,938,11231,12397,61,42
macaques_macaquecp_120_5e-5,71.918,69.134,75.169,73.452,81.106,79.233,83.448,83.616,74.28,88.939,80.869,71.924,85.771,81.242,85.851,88.207,97.399,80.952,9.5238,9.5238,10935,1462,292,10,34,4,4,32,69.225,87.614,83.48,92.18,10349,2048,878,11227,12397,56,42
macaques_macaquecp_130,66.89,65.651,68.421,70.071,76.887,71.471,80.642,80.619,69.229,87.417,76.882,67.208,85.166,77.508,85.343,88.239,96.822,78.571,14.286,7.1429,10939,1458,359,22,33,6,3,42,65.319,86.643,82.802,90.857,10265,2132,1033,11298,12397,67,42
macaques_macaquecp_130_1e-5,71.214,67.271,75.678,73.018,79.112,78.889,85.149,83.615,74.321,88.224,80.766,71.255,82.738,81.222,82.859,87.578,94.887,78.571,11.905,9.5238,10857,1540,585,15,33,5,4,28,66.292,87.277,83.915,90.919,10403,1994,1039,11442,12397,60,42
macaques_macaquecp_130_5e-5,72.013,68.412,76.151,73.302,80.142,79.492,84.992,83.471,74.69,89.425,80.674,72.142,84.867,81.056,84.948,88.207,96.437,78.571,11.905,9.5238,10935,1462,404,10,33,5,4,30,68.157,88.726,84.94,92.865,10530,1867,809,11339,12397,58,42
macaques_macaquecp_140,67.173,66.214,68.533,70.261,77.486,71.667,80.47,80.646,69.357,87.573,76.912,67.354,86.037,77.491,86.319,88.497,97.598,78.571,14.286,7.1429,10971,1426,270,35,33,6,3,38,66.117,86.361,82.334,90.802,10207,2190,1034,11241,12397,59,42
macaques_macaquecp_140_1e-5,71.178,67.758,75.074,73.412,79.401,78.86,83.943,83.677,74.221,88.243,80.803,71.303,83.165,81.332,83.31,87.884,95.053,78.571,11.905,9.5238,10895,1502,567,18,33,5,4,27,66.759,87.196,83.907,90.752,10402,1995,1060,11462,12397,61,42
macaques_macaquecp_140_5e-5,71.437,68.084,75.327,72.892,80.309,78.601,85.273,83.551,74.073,88.427,80.779,71.431,84.19,81.181,84.278,87.521,96.427,78.571,11.905,9.5238,10850,1547,402,11,33,5,4,28,67.719,87.708,83.657,92.17,10371,2026,881,11252,12397,60,42
macaques_macaquecp_150,66.344,66.249,66.807,70.771,77.47,70.855,79.18,81.077,68.727,85.733,77.481,66.427,85.142,78.091,85.367,88.36,96.724,78.571,16.667,4.7619,10954,1443,371,28,33,7,2,36,65.783,83.357,79.753,87.302,9887,2510,1438,11325,12397,62,42
macaques_macaquecp_150_1e-5,71.245,67.297,75.712,73.1,79.284,78.891,85.35,83.823,74.381,88.073,80.941,71.287,82.343,81.499,82.472,87.336,94.724,78.571,14.286,7.1429,10827,1570,603,16,33,6,3,25,66.185,87.892,84.464,91.61,10471,1926,959,11430,12397,64,42
macaques_macaquecp_150_5e-5,71.837,68.834,75.307,73.463,80.896,79.133,84.304,83.765,74.359,88.841,81.015,71.974,84.972,81.456,85.069,87.941,96.838,78.571,11.905,9.5238,10902,1495,356,12,33,5,4,28,68.664,87.821,83.786,92.263,10387,2010,871,11258,12397,57,42
macaques_macaquecp_160,67.588,66.961,68.533,70.834,78.035,72.195,80.023,80.862,69.652,87.878,77.207,67.848,86.771,77.774,86.948,88.86,97.894,80.952,11.905,7.1429,11016,1381,237,22,34,5,3,42,67.021,85.987,82.02,90.358,10168,2229,1085,11253,12397,59,42
macaques_macaquecp_160_1e-5,71.607,68.447,75.211,73.717,79.884,78.883,84.15,83.617,74.446,88.622,80.76,71.571,84.238,81.271,84.391,88.336,95.726,80.952,14.286,4.7619,10951,1446,489,19,34,6,2,28,67.694,87.939,84.545,91.617,10481,1916,959,11440,12397,61,42
macaques_macaquecp_160_5e-5,71.664,68.703,75.131,72.937,81.065,78.782,84.474,83.535,73.999,88.625,80.812,71.62,85.343,81.134,85.44,87.707,97.481,78.571,11.905,9.5238,10873,1524,281,12,33,5,4,35,68.796,88.056,83.641,92.962,10369,2028,785,11154,12397,58,42
macaques_macaquecp_170,66.559,65.295,68.217,69.547,76.87,71.37,80.488,80.468,68.841,87.299,76.645,66.911,85.004,77.297,85.182,87.828,97.076,76.19,19.048,4.7619,10888,1509,328,22,32,8,2,42,65.065,86.605,82.48,91.164,10225,2172,991,11216,12397,58,42
macaques_macaquecp_170_1e-5,71.173,67.608,75.222,72.892,79.799,78.875,84.376,83.728,74.034,87.954,80.904,71.158,83.165,81.383,83.278,87.311,95.585,80.952,9.5238,9.5238,10824,1573,500,14,34,4,4,21,66.911,87.071,83.302,91.196,10327,2070,997,11324,12397,59,42
macaques_macaquecp_170_5e-5,70.789,68.713,73.303,73.02,80.998,76.836,84.398,83.53,73.136,87.626,80.709,70.722,85.15,81.171,85.279,87.715,97.298,76.19,14.286,9.5238,10874,1523,302,16,32,6,4,33,68.634,86.472,82.213,91.195,10192,2205,984,11176,12397,60,42
macaques_macaquecp_180,66.178,65.589,67.179,70.094,77.035,70.864,79.577,80.812,68.579,85.921,77.1,66.245,84.948,77.69,85.214,88.102,96.826,78.571,11.905,9.5238,10922,1475,358,33,33,5,4,41,65.292,83.913,80.132,88.067,9934,2463,1346,11280,12397,63,42
macaques_macaquecp_180_1e-5,71.192,67.326,75.583,73.257,79.143,78.8,85.43,83.854,74.395,87.686,81.109,71.121,82.762,81.463,82.883,87.723,94.771,76.19,16.667,7.1429,10875,1522,600,15,32,7,3,27,66.501,87.609,84.351,91.129,10457,1940,1018,11475,12397,61,42
macaques_macaquecp_180_5e-5,71.668,69.128,74.638,73.459,81.252,78.178,84.501,83.74,74.027,88.627,80.958,71.751,85.537,81.427,85.634,88.021,97.359,78.571,11.905,9.5238,10912,1485,296,12,33,5,4,30,69.188,87.744,83.536,92.398,10356,2041,852,11208,12397,57,42
macaques_macaquecp_190,66.225,65.069,67.787,69.416,76.671,70.818,80.373,80.412,68.56,86.804,76.526,66.427,84.859,77.198,85.069,87.804,96.98,80.952,14.286,4.7619,10885,1512,339,26,34,6,2,49,64.838,85.847,81.786,90.333,10139,2258,1085,11224,12397,58,42
macaques_macaquecp_190_1e-5,70.727,67.083,74.88,72.886,79.115,78.647,84.137,83.66,73.86,87.7,80.698,70.772,82.351,81.307,82.496,87.311,94.773,76.19,11.905,11.905,10824,1573,597,18,32,5,5,38,66.03,86.397,82.996,90.088,10289,2108,1132,11421,12397,66,42
macaques_macaquecp_190_5e-5,71.238,68.924,73.979,73.061,81.349,77.324,84.651,83.665,73.498,87.828,80.96,71.106,85.432,81.332,85.521,87.666,97.611,78.571,11.905,9.5238,10868,1529,266,11,33,5,4,27,69.066,87.289,82.843,92.24,10270,2127,864,11134,12397,58,42
macaques_macaquecp_20,64.225,60.88,68.118,67.712,72.81,71.637,80.148,80.185,67.887,85.423,75.793,64.744,79.011,77.006,79.205,86.101,92.584,76.19,14.286,9.5238,10674,1723,855,24,32,6,4,45,59.213,82.755,79.858,85.87,9900,2497,1629,11529,12397,63,42
macaques_macaquecp_200,66.511,65.274,68.108,69.529,77.139,71.133,80.672,80.656,68.789,86.98,76.897,66.884,84.787,77.527,85.004,87.57,97.154,78.571,11.905,9.5238,10856,1541,318,27,33,5,4,38,65.107,85.665,81.439,90.353,10096,2301,1078,11174,12397,59,42
macaques_macaquecp_200_1e-5,71.603,68.599,75.037,73.785,79.873,78.713,84.029,83.487,74.396,88.859,80.609,71.628,84.762,81.089,84.892,88.634,95.948,80.952,14.286,4.7619,10988,1409,464,16,34,6,2,31,68.001,88.213,84.851,91.853,10519,1878,933,11452,12397,58,42
macaques_macaquecp_200_5e-5,71.554,68.691,74.874,72.794,81.22,78.999,83.803,83.556,73.808,88.641,80.798,71.62,85.303,81.195,85.367,87.497,97.624,78.571,11.905,9.5238,10847,1550,264,8,33,5,4,28,68.849,87.323,82.794,92.377,10264,2133,847,11111,12397,54,42
macaques_macaquecp_20_1e-5,65.79,61.704,70.495,67.388,78.017,74.31,82.442,83.532,68.898,81.713,80.088,65.442,74.704,81.378,74.921,80.649,93.369,69.048,21.429,9.5238,9998,2399,710,27,29,9,4,32,59.685,80.632,75.139,86.991,9315,3082,1393,10708,12397,53,42
macaques_macaquecp_20_5e-5,68.811,64.526,73.683,70.909,76.707,77.106,83.348,82.607,72.266,86.84,79.384,68.937,79.85,80.107,79.971,86.206,93.255,78.571,11.905,9.5238,10687,1710,773,15,33,5,4,26,62.701,85.459,82.23,88.953,10194,2203,1266,11460,12397,63,42
macaques_macaquecp_30,62.688,58.912,66.918,70.53,67.801,70.8,78.807,80.863,68.685,82.218,76.91,63.234,72.413,77.804,72.856,88.441,85.019,76.19,16.667,7.1429,10964,1433,1932,55,32,7,3,44,52.783,80.362,81.98,78.807,10163,2234,2733,12896,12397,74,42
macaques_macaquecp_30_1e-5,67.943,63.948,72.493,68.593,80.48,76.396,83.261,84.073,70.498,83.515,80.908,67.57,77.47,81.954,77.648,81.439,95.552,69.048,21.429,9.5238,10096,2301,470,22,29,9,4,33,62.773,82.01,75.954,89.116,9416,2981,1150,10566,12397,59,42
macaques_macaquecp_30_5e-5,69.462,66.044,73.405,71.255,78.394,76.979,83.162,82.593,72.296,87.764,79.273,69.573,82.383,80.057,82.536,86.715,95.403,78.571,7.1429,14.286,10750,1647,518,19,33,3,6,31,65.089,85.51,81.617,89.794,10118,2279,1150,11268,12397,61,42
macaques_macaquecp_40,64.897,63.171,67.168,67.324,75.456,70.607,79.21,79.448,67.182,86.635,75.154,65.11,83.536,75.879,83.738,86.481,96.926,76.19,19.048,4.7619,10721,1676,340,25,32,8,2,45,62.676,85.174,80.584,90.317,9990,2407,1071,11061,12397,57,42
macaques_macaquecp_40_1e-5,70.53,67.164,74.368,71.909,80.58,77.556,84.884,83.808,73.115,87.263,80.693,70.415,82.665,81.488,82.851,86.045,96.421,76.19,16.667,7.1429,10667,1730,396,23,32,7,3,26,66.737,85.226,80.64,90.364,9997,2400,1066,11063,12397,57,42
macaques_macaquecp_40_5e-5,70.29,66.948,74.15,71.673,79.825,77.523,84.345,83.219,72.875,87.702,80.239,70.371,82.641,80.872,82.802,86.295,96.11,78.571,11.905,9.5238,10698,1699,433,20,33,5,4,36,66.134,86.799,82.367,91.735,10211,2186,920,11131,12397,62,42
macaques_macaquecp_50,60.863,57.479,64.765,66.933,66.255,68.325,75.663,77.845,65.798,83.99,72.928,61.252,74.276,74.064,74.502,87.763,86.873,76.19,19.048,4.7619,10880,1517,1644,28,32,8,2,52,51.514,82.091,82.512,81.675,10229,2168,2295,12524,12397,84,42
macaques_macaquecp_50_1e-5,69.326,64.775,74.475,70.425,78.795,77.577,84.747,83.686,72.406,85.707,80.766,69.222,79.18,81.357,79.422,84.399,94.431,73.81,11.905,14.286,10463,1934,617,30,31,5,6,28,63.446,83.631,79.189,88.601,9817,2580,1263,11080,12397,67,42
macaques_macaquecp_50_5e-5,71.688,68.438,75.413,73.317,80.434,79.043,84.54,83.709,74.339,88.877,80.887,71.89,84.44,81.361,84.553,87.852,96.381,80.952,11.905,7.1429,10891,1506,409,14,34,5,3,24,68.065,87.741,83.859,92,10396,2001,904,11300,12397,64,42
macaques_macaquecp_60,65.909,63.081,69.201,71.648,72.913,72.88,80.725,81.606,70.388,84.883,77.834,66.068,78.301,78.7,78.616,88.441,90.002,80.952,11.905,7.1429,10964,1433,1218,39,34,5,3,43,59.463,83.413,82.689,84.149,10251,2146,1931,12182,12397,66,42
macaques_macaquecp_60_1e-5,70.183,66.208,74.69,71.506,80.107,78.176,84.344,84.098,73.066,86.741,80.962,70.227,80.536,81.868,80.729,84.996,95.22,73.81,16.667,9.5238,10537,1860,529,24,31,7,4,38,65.124,84.388,79.858,89.463,9900,2497,1166,11066,12397,62,42
macaques_macaquecp_60_5e-5,71.368,68.315,74.888,73.401,80.286,78.314,85.016,83.738,74.125,88.504,80.74,71.458,83.932,81.429,84.02,87.723,95.95,80.952,9.5238,9.5238,10875,1522,459,11,34,4,4,37,67.64,87.101,83.367,91.186,10335,2062,999,11334,12397,59,42
macaques_macaquecp_70,64.597,62.14,67.85,72.894,69.878,72.409,79.305,80.723,70.192,85.476,75.126,64.215,75.768,77.907,76.067,90.191,86.46,80.952,11.905,7.1429,11181,1216,1751,37,34,5,3,65,55.842,81.835,83.601,80.142,10364,2033,2568,12932,12397,82,42
macaques_macaquecp_70_1e-5,69.626,65.374,74.432,70.561,79.084,77.786,84.083,83.219,72.456,87.118,80.01,69.703,80.455,80.842,80.576,84.9,95.154,73.81,16.667,9.5238,10525,1872,536,15,31,7,4,31,64.19,85.225,80.632,90.372,9996,2401,1065,11061,12397,62,42
macaques_macaquecp_70_5e-5,70.993,67.922,74.523,73.11,79.393,77.771,84.701,83.18,73.796,88.646,80.226,71.118,83.996,80.782,84.101,88.094,95.664,78.571,14.286,7.1429,10921,1476,495,13,33,6,3,31,67.066,87.297,83.843,91.048,10394,2003,1022,11416,12397,69,42
macaques_macaquecp_80,63.174,61.168,65.493,68.893,71.704,70.021,77.776,80.19,67.138,84.127,75.879,63.834,78.196,77.271,78.446,87.263,90.824,78.571,16.667,4.7619,10818,1579,1093,31,33,7,2,42,58.362,82.294,80.681,83.973,10002,2395,1909,11911,12397,72,42
macaques_macaquecp_80_1e-5,70.64,65.389,76.558,71.987,77.859,79.965,84.979,83.732,74.222,87.834,80.773,70.946,79.471,81.455,79.568,86.013,93.029,78.571,11.905,9.5238,10663,1734,799,12,33,5,4,27,63.52,86.45,83.189,89.976,10313,2084,1149,11462,12397,60,42
macaques_macaquecp_80_5e-5,71.156,68.197,74.556,72.539,80.58,77.837,84.393,83.295,73.524,88.623,80.389,71.243,84.738,80.9,84.875,87.449,97.142,78.571,11.905,9.5238,10841,1556,319,17,33,5,4,21,68.035,87.244,82.891,92.079,10276,2121,884,11160,12397,60,42
macaques_macaquecp_90,60.366,55.913,65.488,71.968,62.46,69.168,78.138,80.399,68.606,80.87,74.63,60.353,63.007,77.606,63.499,89.36,77.555,83.333,11.905,4.7619,11078,1319,3206,61,35,5,2,71,42.996,76.122,81.915,71.094,10155,2242,4129,14284,12397,97,42
macaques_macaquecp_90_1e-5,70.495,65.423,76.25,71.464,78.34,79.9,84.425,83.544,73.795,87.735,80.607,70.721,80.39,81.239,80.511,85.868,94.129,76.19,11.905,11.905,10645,1752,664,15,32,5,5,28,64.281,87.168,83.343,91.361,10332,2065,977,11309,12397,56,42
macaques_macaquecp_90_5e-5,71.775,69.054,75.001,73.9,80.795,78.404,85.446,83.855,74.415,88.522,81.066,71.761,85.198,81.507,85.287,88.376,96.622,80.952,11.905,7.1429,10956,1441,383,11,34,5,3,36,68.855,87.336,83.609,91.41,10365,2032,974,11339,12397,63,42
macaques_macaquecpw_100_5e-5,72.688,69.486,76.393,74.555,81.361,79.66,86.297,84.54,75.446,88.822,81.842,72.693,84.98,82.309,85.101,88.368,96.435,76.19,19.048,4.7619,10955,1442,405,15,32,8,2,44,69.347,88.302,84.609,92.333,10489,1908,871,11360,12397,64,42
macaques_macaquecpw_10_5e-5,73.815,70.794,77.251,75.697,83.089,80.322,87.628,85.728,76.459,88.623,83.279,73.804,84.851,83.798,84.924,88.013,96.609,76.19,19.048,4.7619,10911,1486,383,9,32,8,2,28,70.591,88.177,84.254,92.483,10445,1952,849,11294,12397,51,42
macaques_macaquecpw_110_5e-5,73.346,70.323,76.796,75.464,81.799,80.001,86.455,84.897,76.112,89.095,82.374,73.391,85.537,82.775,85.674,88.965,96.433,73.81,21.429,4.7619,11029,1368,408,17,31,9,2,39,70.213,89.024,85.577,92.76,10609,1788,828,11437,12397,61,42
macaques_macaquecpw_120_5e-5,72.739,70.323,75.546,75.167,81.662,78.804,85.752,84.439,75.34,88.982,81.78,72.769,86.263,82.21,86.352,89.199,96.906,78.571,11.905,9.5238,11058,1339,353,11,33,5,4,46,70.395,87.92,84.424,91.719,10466,1931,945,11411,12397,59,42
macaques_macaquecpw_130_5e-5,73.167,70.231,76.526,75.095,82.087,79.719,86.41,84.859,75.792,88.889,82.306,73.161,85.722,82.669,85.835,88.659,96.914,76.19,14.286,9.5238,10991,1406,350,14,32,6,4,37,70.357,88.516,84.746,92.637,10506,1891,835,11341,12397,61,42
macaques_macaquecpw_140_5e-5,72.903,70.167,76.084,75.052,81.983,79.348,86.346,84.833,75.542,88.675,82.271,72.954,85.674,82.653,85.771,88.659,96.846,76.19,14.286,9.5238,10991,1406,358,12,32,6,4,39,70.294,88.133,84.408,92.202,10464,1933,885,11349,12397,60,42
macaques_macaquecpw_150_5e-5,74.056,71.196,77.346,75.783,82.803,80.676,86.697,85.087,76.543,89.799,82.581,74.157,86.666,82.967,86.747,89.134,97.391,78.571,14.286,7.1429,11050,1347,296,10,33,6,3,36,71.483,89.281,85.496,93.416,10599,1798,747,11346,12397,53,42
macaques_macaquecpw_160_5e-5,73.288,70.245,76.759,75.306,81.541,80.301,85.64,84.549,76.015,90.161,81.734,73.691,86.553,82.358,86.658,89.506,96.917,80.952,9.5238,9.5238,11096,1301,353,13,34,4,4,37,70.763,89.122,85.714,92.812,10626,1771,823,11449,12397,55,42
macaques_macaquecpw_170_5e-5,73.974,71.448,76.893,76.109,82.167,80.259,85.924,84.553,76.483,90.599,81.93,74.228,87.65,82.344,87.707,90.167,97.344,78.571,14.286,7.1429,11178,1219,305,7,33,6,3,40,71.731,90.218,86.892,93.808,10772,1625,711,11483,12397,51,42
macaques_macaquecpw_180_5e-5,73.061,69.735,76.838,75.366,81.358,80.054,86.669,85.076,76.085,88.584,82.508,73.089,84.44,82.947,84.553,88.594,95.637,76.19,16.667,7.1429,10983,1414,501,14,32,7,3,49,69.332,88.078,84.835,91.58,10517,1880,967,11484,12397,64,42
macaques_macaquecpw_190_5e-5,73.142,70.561,76.128,75.098,82.432,79.355,86.369,84.749,75.595,89.066,82.164,73.18,86.166,82.581,86.263,88.683,97.344,76.19,14.286,9.5238,10994,1403,300,12,32,6,4,43,70.718,88.413,84.48,92.731,10473,1924,821,11294,12397,62,42
macaques_macaquecpw_200_5e-5,72.502,69.896,75.527,74.602,81.982,78.719,86.239,84.619,75.045,88.301,82.012,72.417,85.593,82.392,85.722,88.36,97.101,73.81,16.667,9.5238,10954,1443,327,16,31,7,4,41,70.035,87.803,83.851,92.146,10395,2002,886,11281,12397,62,42
macaques_macaquecpw_20_5e-5,70.81,67.485,74.568,73.626,79.716,78.183,85.026,84.462,74.086,86.992,81.515,70.911,82.028,82.362,82.133,87.247,94.463,78.571,14.286,7.1429,10816,1581,634,13,33,6,3,26,66.64,85.638,82.367,89.179,10211,2186,1239,11450,12397,58,42
macaques_macaquecpw_30_5e-5,71.97,69.216,75.164,75.324,80.59,78.74,85.586,84.9,75.226,87.468,82.14,71.846,83.875,82.727,83.996,88.731,94.934,78.571,11.905,9.5238,11000,1397,587,15,33,5,4,38,68.549,86.349,83.528,89.367,10355,2042,1232,11587,12397,62,42
macaques_macaquecpw_40_5e-5,71.968,68.271,76.167,74.935,79.672,80.231,84.843,84.85,75.538,87.774,82.101,72.063,82.738,82.626,82.891,88.473,94.065,78.571,11.905,9.5238,10968,1429,692,19,33,5,4,32,67.367,86.636,84.061,89.374,10421,1976,1239,11660,12397,63,42
macaques_macaquecpw_50_5e-5,71.994,68.758,75.687,74.698,80.685,79.102,86.417,84.903,75.176,87.561,82.234,72.004,83.391,82.732,83.464,88.021,95.077,76.19,16.667,7.1429,10912,1485,565,9,32,7,3,30,68.191,87.116,83.883,90.607,10399,1998,1078,11477,12397,59,42
macaques_macaquecpw_60_5e-5,72.831,69.812,76.302,76.271,80.988,79.65,87.087,85.443,76.274,88.011,82.713,72.796,84.319,83.33,84.448,89.312,94.835,78.571,11.905,9.5238,11072,1325,603,16,33,5,4,38,69.431,86.632,84.109,89.31,10427,1970,1248,11675,12397,64,42
macaques_macaquecpw_70_5e-5,72.671,69.329,76.459,74.111,81.696,79.739,86.088,84.578,75.26,88.741,81.96,72.732,84.73,82.374,84.795,87.755,96.737,73.81,16.667,9.5238,10879,1518,367,8,31,7,4,33,69.262,88.77,84.65,93.313,10494,1903,752,11246,12397,51,42
macaques_macaquecpw_80_5e-5,72.126,67.766,77.086,72.345,81.681,80.342,86.25,84.518,74.666,88.178,81.846,72.17,83.133,82.203,83.198,85.884,96.967,76.19,11.905,11.905,10647,1750,333,8,32,5,5,32,67.848,87.222,82.238,92.851,10195,2202,785,10980,12397,56,42
macaques_macaquecpw_90_5e-5,72.771,69.758,76.288,74.71,80.939,79.536,85.784,84.019,75.467,89.43,81.335,72.738,86.118,81.694,86.222,89.264,96.705,78.571,14.286,7.1429,11066,1331,377,13,33,6,3,33,69.777,89.22,85.787,92.939,10635,1762,808,11443,12397,60,42
macaques_nopretrain_10,0,0,0,0,0,0,0,100,0,0,100,0,0,0,0,0,0,0,0,100,0,12397,0,0,0,0,42,0,0,0,0,0,0,12397,0,0,12397,0,42
macaques_nopretrain_100,0,0,0,0,0,0,0,100,0,0,100,0,0,0,0,0,0,0,0,100,0,12397,0,0,0,0,42,0,0,0,0,0,0,12397,0,0,12397,0,42
macaques_nopretrain_100_1e-5,52.451,44.728,62.406,53.858,60.925,66.147,77.691,77.294,57.797,72.861,70.391,51.288,50.835,73.586,51.004,69.702,78.848,50,33.333,16.667,8641,3756,2318,21,21,14,7,86,32.423,69.318,65.298,73.866,8095,4302,2864,10959,12397,73,42
macaques_nopretrain_100_5e-5,55.997,50.707,62.838,58.113,67.135,67.904,76.327,78.407,60.205,76.987,71.97,55.407,59.611,75.099,59.845,73.203,84.568,54.762,28.571,16.667,9075,3322,1656,29,23,12,7,85,41.383,72.129,67.282,77.728,8341,4056,2390,10731,12397,68,42
macaques_nopretrain_10_1e-5,0,0,0,0,0,0,0,100,0,0,100,0,0,0,0,0,0,0,0,100,0,12397,0,0,0,0,42,0,0,0,0,0,0,12397,0,0,12397,0,42
macaques_nopretrain_10_5e-5,0,0,0,0,0,0,0,100,0,0,100,0,0,0,0,0,0,0,0,100,0,12397,0,0,0,0,42,0,0,0,0,0,0,12397,0,0,12397,0,42
macaques_nopretrain_110,0,0,0,0,0,0,0,100,0,0,100,0,0,0,0,0,0,0,0,100,0,12397,0,0,0,0,42,0,0,0,0,0,0,12397,0,0,12397,0,42
macaques_nopretrain_110_1e-5,60.929,57.304,65.482,66.358,68.348,69.192,79.045,79.316,65.761,81.94,74.45,61.005,72.388,75.875,72.663,84.875,87.421,73.81,19.048,7.1429,10522,1875,1514,34,31,8,3,50,51.912,79.36,78.204,80.55,9695,2702,2341,12036,12397,66,42
macaques_nopretrain_110_5e-5,60.106,55.139,66.397,65.813,66.305,71.163,78.681,79.646,65.866,81.273,74.283,60.372,64.209,76.717,64.491,81.875,82.487,69.048,16.667,14.286,10150,2247,2155,35,29,7,6,65,45.146,77.613,77.325,77.903,9586,2811,2719,12305,12397,70,42
macaques_nopretrain_120,0,0,0,0,0,0,0,100,0,0,100,0,0,0,0,0,0,0,0,100,0,12397,0,0,0,0,42,0,0,0,0,0,0,12397,0,0,12397,0,42
macaques_nopretrain_120_1e-5,60.984,56.689,66.309,64.495,69.805,69.725,80.371,79.503,65.239,81.955,74.578,61.12,70.033,76.35,70.259,81.326,88.022,76.19,14.286,9.5238,10082,2315,1372,28,32,6,4,52,50.8,79.158,76.147,82.417,9440,2957,2014,11454,12397,66,42
macaques_nopretrain_120_5e-5,61.233,55.683,67.758,66.512,66.776,71.934,79.359,80.005,67.067,81.862,75.008,61.403,64.104,77.414,64.306,81.955,82.281,71.429,19.048,9.5238,10160,2237,2188,25,30,8,4,58,45.594,78.246,78.091,78.401,9681,2716,2667,12348,12397,62,42
macaques_nopretrain_130,0,0,0,0,0,0,0,100,0,0,100,0,0,0,0,0,0,0,0,100,0,12397,0,0,0,0,42,0,0,0,0,0,0,12397,0,0,12397,0,42
macaques_nopretrain_130_1e-5,63.131,58.531,69.159,66.843,70.077,73.436,81.174,79.744,67.687,84.716,74.836,63.398,73.292,76.476,73.558,84.472,88.558,73.81,21.429,4.7619,10472,1925,1353,33,31,9,2,56,53.421,82.033,80.14,84.017,9935,2462,1890,11825,12397,61,42
macaques_nopretrain_130_5e-5,60.664,55.221,66.975,66.074,66.59,71.256,78.525,80,66.491,81.863,74.529,61.012,63.636,77.305,63.894,81.56,82.197,73.81,11.905,14.286,10111,2286,2190,32,31,5,6,60,45.127,77.407,77.107,77.709,9559,2838,2742,12301,12397,64,42
macaques_nopretrain_140,0,0,0,0,0,0,0,100,0,0,100,0,0,0,0,0,0,0,0,100,0,12397,0,0,0,0,42,0,0,0,0,0,0,12397,0,0,12397,0,42
macaques_nopretrain_140_1e-5,63.267,58.694,69.01,65.864,70.554,72.878,80.322,79.081,67.238,85.753,74.24,63.663,75.397,75.44,75.542,84.448,90.461,76.19,19.048,4.7619,10469,1928,1104,18,32,8,2,50,54.657,83.78,80.995,86.762,10041,2356,1532,11573,12397,58,42
macaques_nopretrain_140_5e-5,61.75,57.993,66.117,67.232,68.593,69.711,79.133,79.286,66.644,83.985,74.118,62.249,69.154,76.619,69.412,83.714,85.409,73.81,14.286,11.905,10378,2019,1773,32,31,6,5,67,49.58,78.084,77.309,78.874,9584,2813,2567,12151,12397,74,42
macaques_nopretrain_150,0,0,0,0,0,0,0,100,0,0,100,0,0,0,0,0,0,0,0,100,0,12397,0,0,0,0,42,0,0,0,0,0,0,12397,0,0,12397,0,42
macaques_nopretrain_150_1e-5,61.517,57.561,66.642,64.708,70.689,70.26,80.452,79.47,65.46,82.346,74.606,61.435,73.018,76.001,73.308,82.423,90.042,69.048,21.429,9.5238,10218,2179,1130,36,29,9,4,58,53.237,80.008,76.623,83.706,9499,2898,1849,11348,12397,65,42
macaques_nopretrain_150_5e-5,63.202,59.106,67.897,67.167,70.613,71.788,78.953,79.777,67.502,85.218,75.025,63.935,73.526,76.899,73.792,84.456,88.789,73.81,16.667,9.5238,10470,1927,1322,33,31,7,4,61,54.016,81.508,79.519,83.599,9858,2539,1934,11792,12397,62,42
macaques_nopretrain_160,0,0,0,0,0,0,0,100,0,0,100,0,0,0,0,0,0,0,0,100,0,12397,0,0,0,0,42,0,0,0,0,0,0,12397,0,0,12397,0,42
macaques_nopretrain_160_1e-5,61.691,58.025,65.935,65.127,70.841,69.759,78.241,79.401,65.5,82.849,74.841,62.005,74.171,76.026,74.494,83.214,90.515,73.81,21.429,4.7619,10316,2081,1081,40,31,9,2,55,54.222,80.81,77.551,84.356,9614,2783,1783,11397,12397,66,42
macaques_nopretrain_160_5e-5,63.761,59.242,68.953,67.023,71.296,72.967,79.153,80.056,67.962,85.455,75.213,64.273,73.203,77.083,73.373,83.69,89.025,71.429,16.667,11.905,10375,2022,1279,21,30,7,5,63,54.024,81.394,78.955,83.988,9788,2609,1866,11654,12397,62,42
macaques_nopretrain_170,0,0,0,0,0,0,0,100,0,0,100,0,0,0,0,0,0,0,0,100,0,12397,0,0,0,0,42,0,0,0,0,0,0,12397,0,0,12397,0,42
macaques_nopretrain_170_1e-5,63.91,60.345,68.341,67.718,71.838,71.763,80.835,80.044,67.924,84.449,75.569,63.818,76.043,76.953,76.277,85.271,90.459,76.19,19.048,4.7619,10571,1826,1115,29,32,8,2,54,56.39,82.54,80.173,85.05,9939,2458,1747,11686,12397,68,42
macaques_nopretrain_170_5e-5,63.627,60.264,67.569,68.014,71.998,71.206,80.346,80.439,67.737,84.733,75.916,64.326,74.115,77.243,74.316,84.391,89.335,76.19,11.905,11.905,10462,1935,1249,25,32,5,5,61,54.91,80.704,78.471,83.067,9728,2669,1983,11711,12397,62,42
macaques_nopretrain_180,0,0,0,0,0,0,0,100,0,0,100,0,0,0,0,0,0,0,0,100,0,12397,0,0,0,0,42,0,0,0,0,0,0,12397,0,0,12397,0,42
macaques_nopretrain_180_1e-5,61.985,57.579,67.373,65.094,70.619,70.772,80.805,79.825,66.114,82.493,75.203,62.037,72.695,76.358,72.881,82.528,89.534,71.429,21.429,7.1429,10231,2166,1196,23,30,9,3,53,53.184,81.263,78.083,84.712,9680,2717,1747,11427,12397,66,42
macaques_nopretrain_180_5e-5,64.003,59.639,68.975,67.459,71.65,72.982,79.591,80.465,68.201,84.555,76.165,64.401,75.22,77.314,75.389,84.771,90.036,73.81,16.667,9.5238,10509,1888,1163,21,31,7,4,62,55.989,83.294,80.858,85.881,10024,2373,1648,11672,12397,61,42
macaques_nopretrain_190,0,0,0,0,0,0,0,100,0,0,100,0,0,0,0,0,0,0,0,100,0,12397,0,0,0,0,42,0,0,0,0,0,0,12397,0,0,12397,0,42
macaques_nopretrain_190_1e-5,61.715,58.37,65.761,64.494,72.448,68.974,80.387,79.692,65.052,82.168,75.24,61.823,74.236,76.331,74.486,81.754,91.836,73.81,19.048,7.1429,10135,2262,901,31,31,8,3,54,54.885,80.288,75.881,85.239,9407,2990,1629,11036,12397,68,42
macaques_nopretrain_190_5e-5,61.06,58.477,64.102,66.126,70.694,68.734,76.597,79.704,65.061,82.064,74.927,61.488,73.316,76.585,73.534,83.536,89.307,73.81,16.667,9.5238,10356,2041,1240,27,31,7,4,57,53.756,79.573,77.003,82.321,9546,2851,2050,11596,12397,60,42
macaques_nopretrain_20,0,0,0,0,0,0,0,100,0,0,100,0,0,0,0,0,0,0,0,100,0,12397,0,0,0,0,42,0,0,0,0,0,0,12397,0,0,12397,0,42
macaques_nopretrain_200,0,0,0,0,0,0,0,100,0,0,100,0,0,0,0,0,0,0,0,100,0,12397,0,0,0,0,42,0,0,0,0,0,0,12397,0,0,12397,0,42
macaques_nopretrain_200_1e-5,60.571,55.73,66.399,63.308,69.558,69.741,79.733,79.401,64.751,81.201,74.534,60.522,69.985,75.987,70.202,80.608,88.567,66.667,21.429,11.905,9993,2404,1290,27,28,9,5,50,50.628,79.578,76.002,83.506,9422,2975,1861,11283,12397,59,42
macaques_nopretrain_200_5e-5,63.435,59.315,68.133,66.061,72.028,71.802,79.01,79.735,67.071,85.342,75.155,64.139,74.284,76.698,74.486,83.101,90.607,73.81,14.286,11.905,10302,2095,1068,25,31,6,5,61,54.92,82.291,78.882,86.007,9779,2618,1591,11370,12397,59,42
macaques_nopretrain_20_1e-5,27.648,16.324,47.764,16.778,67.994,53.924,68.429,75.224,28.093,39.437,67.002,26.423,19.521,70.71,19.561,22.118,89.637,7.1429,26.19,66.667,2742,9655,317,5,3,11,28,46,13.042,31.263,19.489,78.98,2416,9981,643,3059,12397,15,42
macaques_nopretrain_20_5e-5,0,0,0,0,0,0,0,100,0,0,100,0,0,0,0,0,0,0,0,100,0,12397,0,0,0,0,42,0,0,0,0,0,0,12397,0,0,12397,0,42
macaques_nopretrain_30,0,0,0,0,0,0,0,100,0,0,100,0,0,0,0,0,0,0,0,100,0,12397,0,0,0,0,42,0,0,0,0,0,0,12397,0,0,12397,0,42
macaques_nopretrain_30_1e-5,45.291,37.193,56.215,41.083,62.901,60.874,71.283,74.458,47.809,66.426,66.763,44.348,44.099,69.925,44.228,54.771,83.858,33.333,35.714,30.952,6790,5607,1307,16,14,15,13,99,27.627,61.501,50.835,77.831,6302,6095,1795,8097,12397,44,42
macaques_nopretrain_30_5e-5,0,0,0,0,0,0,0,100,0,0,100,0,0,0,0,0,0,0,0,100,0,12397,0,0,0,0,42,0,0,0,0,0,0,12397,0,0,12397,0,42
macaques_nopretrain_40,0,0,0,0,0,0,0,100,0,0,100,0,0,0,0,0,0,0,0,100,0,12397,0,0,0,0,42,0,0,0,0,0,0,12397,0,0,12397,0,42
macaques_nopretrain_40_1e-5,40.39,30.119,54.408,32.156,66.741,59.851,69.935,76.052,41.797,59.415,68.554,40.732,37.332,71.448,37.42,42.801,88.833,19.048,38.095,42.857,5306,7091,667,11,8,16,18,50,25.111,54.839,40.631,84.329,5037,7360,936,5973,12397,28,42
macaques_nopretrain_40_5e-5,33.37,21.341,52.521,21.989,73.398,56.907,73.111,78.55,33.912,44.688,72.598,32.443,25.296,75.422,25.329,27.644,92.272,9.5238,28.571,61.905,3427,8970,287,4,4,12,26,40,18.502,39.737,25.821,86.187,3201,9196,513,3714,12397,18,42
macaques_nopretrain_50,0,0,0,0,0,0,0,100,0,0,100,0,0,0,0,0,0,0,0,100,0,12397,0,0,0,0,42,0,0,0,0,0,0,12397,0,0,12397,0,42
macaques_nopretrain_50_1e-5,50.468,40.866,63.135,46.332,66.096,67.658,77.406,78.558,53.932,69.671,71.008,49.472,42.825,76.233,42.994,56.546,80.667,35.714,30.952,33.333,7010,5387,1680,21,15,13,14,65,29.385,62.949,53.537,76.375,6637,5760,2053,8690,12397,46,42
macaques_nopretrain_50_5e-5,40.349,29.473,56.215,30.872,71.217,60.24,76.547,77.716,41.411,55.005,71.428,39.289,36.452,74.008,36.573,39.961,92.185,26.19,26.19,47.619,4954,7443,420,15,11,11,20,45,26.065,50.464,36.17,83.439,4484,7913,890,5374,12397,37,42
macaques_nopretrain_60,0,0,0,0,0,0,0,100,0,0,100,0,0,0,0,0,0,0,0,100,0,12397,0,0,0,0,42,0,0,0,0,0,0,12397,0,0,12397,0,42
macaques_nopretrain_60_1e-5,54.201,47.258,62.93,54.951,64.854,66.888,77.19,78.058,58.664,74.172,71.705,53.186,56.183,74.484,56.433,70.582,83.302,50,33.333,16.667,8750,3647,1754,31,21,14,7,74,38.173,71.621,66.153,78.075,8201,4196,2303,10504,12397,58,42
macaques_nopretrain_60_5e-5,51.238,42.649,62.207,46.434,70.744,66.82,77.01,78.987,53.622,69.367,72.889,50.561,51.948,75.766,52.085,58.861,89.677,40.476,28.571,30.952,7297,5100,840,17,17,12,13,66,37.683,66.271,54.884,83.618,6804,5593,1333,8137,12397,43,42
macaques_nopretrain_70,0,0,0,0,0,0,0,100,0,0,100,0,0,0,0,0,0,0,0,100,0,12397,0,0,0,0,42,0,0,0,0,0,0,12397,0,0,12397,0,42
macaques_nopretrain_70_1e-5,52.657,48.722,57.142,55.834,65.871,61.227,73.866,77.545,56.469,74.085,71.557,53.013,56.909,74.07,57.127,70.945,83.698,47.619,42.857,9.5238,8795,3602,1713,27,20,18,4,85,38.513,71.382,65.943,77.798,8175,4222,2333,10508,12397,58,42
macaques_nopretrain_70_5e-5,50.831,42.9,60.577,47.646,67.366,64.818,74.777,78.138,53.656,69.591,72.87,50.711,53.481,74.427,53.594,62.16,87.888,42.857,33.333,23.81,7706,4691,1062,14,18,14,10,37,37.584,70.654,60.313,85.276,7477,4920,1291,8768,12397,41,42
macaques_nopretrain_80,0,0,0,0,0,0,0,100,0,0,100,0,0,0,0,0,0,0,0,100,0,12397,0,0,0,0,42,0,0,0,0,0,0,12397,0,0,12397,0,42
macaques_nopretrain_80_1e-5,59.428,53.873,66.07,62.51,67.456,70.605,78.191,78.999,64.193,82.299,73.253,60.286,65.943,75.585,66.129,79.398,85.681,71.429,16.667,11.905,9843,2554,1645,23,30,7,5,64,46.558,77.094,74.268,80.144,9207,3190,2281,11488,12397,64,42
macaques_nopretrain_80_5e-5,47.239,38.566,58.698,43.504,62.785,62.662,74.633,75.663,50.387,69.355,67.515,46.825,43.212,71.676,43.365,56.328,81.292,26.19,50,23.81,6983,5414,1607,19,11,21,10,103,27.258,63.563,53.803,77.648,6670,5727,1920,8590,12397,55,42
macaques_nopretrain_90,0,0,0,0,0,0,0,100,0,0,100,0,0,0,0,0,0,0,0,100,0,12397,0,0,0,0,42,0,0,0,0,0,0,12397,0,0,12397,0,42
macaques_nopretrain_90_1e-5,57.265,51.225,64.468,61.799,63.061,69.509,74.968,77.88,63.049,80.59,71.908,57.95,62.322,74.249,62.539,80.269,81.908,71.429,16.667,11.905,9951,2446,2198,27,30,7,5,71,41.652,75.613,74.857,76.385,9280,3117,2869,12149,12397,64,42
macaques_nopretrain_90_5e-5,56.194,51.186,62.315,56.824,69.152,66.446,76.846,77.685,59.425,79.911,70.544,56.372,61.039,74.49,61.184,71.679,87.229,57.143,23.81,19.048,8886,3511,1301,18,24,10,8,79,42.754,72.839,66.347,80.74,8225,4172,1962,10187,12397,54,42
