metric,HOTA,DetA,AssA,DetRe,DetPr,AssRe,AssPr,LocA,OWTA,HOTA(0),LocA(0),HOTALocA(0),MOTA,MOTP,MODA,CLR_Re,CLR_Pr,MTR,PTR,MLR,CLR_TP,CLR_FN,CLR_FP,IDSW,MT,PT,ML,Frag,sMOTA,IDF1,IDR,IDP,IDTP,IDFN,IDFP,Dets,GT_Dets,IDs,GT_IDs
lemurs_imagenet_10,64.77,59.343,74.743,67.11,70.963,78.818,84.745,79.591,69.471,85.72,73.803,63.264,73.959,76.101,74.094,84.332,89.174,70.667,22.667,6.6667,22569,4193,2740,36,53,17,5,166,53.805,82.272,80.039,84.634,21420,5342,3889,25309,26762,91,75
lemurs_imagenet_100,66.443,61.152,76.244,65.596,76.525,79.609,87.805,80.669,69.425,85.191,76.118,64.846,78.724,77.28,78.836,82.277,95.985,70.667,21.333,8,22019,4743,921,30,53,16,6,118,60.031,84.069,78.066,91.072,20892,5870,2048,22940,26762,91,75
lemurs_imagenet_100_1e-5,66.147,59.527,76.449,64.39,75.702,79.944,86.274,80.86,69.307,85.205,76.285,64.999,75.521,77.535,75.648,80.353,94.469,70.667,17.333,12,21504,5258,1259,34,53,13,9,114,57.47,83.279,77.057,90.594,20622,6140,2141,22763,26762,87,75
lemurs_imagenet_100_5e-5,67.639,61.331,81.076,67.356,74.094,83.712,90.083,80.318,71.536,87.253,75.463,65.843,77.916,77.072,78.029,84.467,92.918,76,14.667,9.3333,22605,4157,1723,30,57,11,7,115,58.55,85.019,81.152,89.272,21718,5044,2610,24328,26762,98,75
lemurs_imagenet_10_1e-5,52.042,40.912,68.526,43.801,73.423,71.402,84.003,79.881,54.176,68.573,73.21,50.202,48.367,76.874,48.431,54.043,90.592,42.667,26.667,30.667,14463,12299,1502,17,32,20,23,89,35.869,64.016,51.102,85.662,13676,13086,2289,15965,26762,68,75
lemurs_imagenet_10_5e-5,64.801,59.907,72.416,65.45,74.701,75.622,82.535,80.445,68.175,84.256,75.417,63.544,74.344,77.555,74.479,81.048,92.503,70.667,20,9.3333,21690,5072,1758,36,53,15,7,123,56.153,81.143,76.119,86.877,20371,6391,3077,23448,26762,89,75
lemurs_imagenet_110,66.806,60.875,75.98,66.236,75.843,78.58,86.427,81.318,70.205,85.004,76.545,65.066,76.142,78.349,76.265,81.799,93.663,70.667,22.667,6.6667,21891,4871,1481,33,53,17,5,110,58.431,83.803,78.496,89.881,21007,5755,2365,23372,26762,102,75
lemurs_imagenet_110_1e-5,66.526,61.111,76.458,65.691,76.416,79.86,87.529,80.713,69.587,85.405,76.023,64.928,78.1,77.35,78.2,82.083,95.484,72,18.667,9.3333,21967,4795,1039,27,54,14,7,115,59.508,83.6,77.733,90.424,20803,5959,2203,23006,26762,90,75
lemurs_imagenet_110_5e-5,69.15,63.567,78.657,68.886,76.435,81.856,88.241,81.184,72.514,87.953,77.044,67.762,80.143,78.269,80.252,85.188,94.523,77.333,16,6.6667,22798,3964,1321,29,58,12,5,130,61.631,86.307,82.045,91.036,21957,4805,2162,24119,26762,94,75
lemurs_imagenet_120,67.388,62.431,75.394,66.984,77.596,77.865,86.318,81.713,70.318,85.258,77.059,65.7,78.077,78.846,78.215,82.27,95.303,73.333,20,6.6667,22017,4745,1085,37,55,15,5,118,60.674,83.9,78.163,90.546,20918,5844,2184,23102,26762,99,75
lemurs_imagenet_120_1e-5,66.053,60.288,75.515,64.397,76.712,78.942,85.979,80.579,68.804,85.153,76.021,64.734,77.285,77.223,77.363,80.655,96.079,69.333,21.333,9.3333,21585,5177,881,21,52,16,7,104,58.914,83.83,77.102,91.845,20634,6128,1832,22466,26762,86,75
lemurs_imagenet_120_5e-5,69.141,63.821,77.829,68.783,77.185,80.842,87.868,81.437,72.297,87.69,77.259,67.748,80.244,78.528,80.371,84.743,95.094,74.667,18.667,6.6667,22679,4083,1170,34,56,14,5,126,62.048,86.234,81.541,91.501,21822,4940,2027,23849,26762,98,75
lemurs_imagenet_130,67.79,62.489,78.913,66.912,77.741,81.31,89.99,81.663,70.785,85.14,77.31,65.822,77.801,78.808,77.902,81.986,95.255,70.667,22.667,6.6667,21941,4821,1093,27,53,17,5,118,60.426,83.75,77.916,90.527,20852,5910,2182,23034,26762,95,75
lemurs_imagenet_130_1e-5,65.377,59.37,75.024,63.403,76.875,78.566,85.869,80.779,68.05,83.929,76.283,64.024,75.372,77.61,75.458,78.966,95.746,69.333,17.333,13.333,21133,5629,939,23,52,13,10,95,57.691,81.648,74.494,90.323,19936,6826,2136,22072,26762,86,75
lemurs_imagenet_130_5e-5,69.017,63.676,77.303,68.199,77.659,80.012,87.159,81.375,71.922,87.639,77.257,67.707,80.046,78.546,80.151,83.985,95.634,76,14.667,9.3333,22476,4286,1026,28,57,11,7,126,62.029,85.978,80.741,91.941,21608,5154,1894,23502,26762,99,75
lemurs_imagenet_140,68.041,61.893,79.089,65.931,78.735,81.755,90.366,82.081,70.805,84.702,78.089,66.143,77.715,79.2,77.857,80.797,96.488,68,24,8,21623,5139,787,38,51,18,6,123,60.909,84.487,77.618,92.691,20772,5990,1638,22410,26762,93,75
lemurs_imagenet_140_1e-5,65.948,59.928,75.304,64.355,76.504,78.806,84.659,80.76,68.851,85.1,76.083,64.747,75.828,77.571,75.914,80.016,95.123,68,21.333,10.667,21414,5348,1098,23,51,16,8,105,57.881,82.806,76.231,90.623,20401,6361,2111,22512,26762,87,75
lemurs_imagenet_140_5e-5,68.819,63.914,76.44,68.402,77.79,79.244,85.471,81.44,71.677,87.602,77.214,67.641,80.409,78.598,80.51,84.22,95.78,74.667,18.667,6.6667,22539,4223,993,27,56,14,5,119,62.384,85.927,80.741,91.824,21608,5154,1924,23532,26762,90,75
lemurs_imagenet_150,68.104,62.19,78.474,67.345,76.651,81.324,89.282,81.593,71.453,85.859,77.274,66.346,77.588,78.654,77.711,82.785,94.224,72,20,8,22155,4607,1358,33,54,15,6,109,59.916,85.172,80.001,91.056,21410,5352,2103,23513,26762,97,75
lemurs_imagenet_150_1e-5,66.562,61.08,75.066,65.497,76.031,78.384,84.641,80.244,69.432,86.897,75.456,65.569,78.38,76.859,78.469,82.307,95.545,70.667,20,9.3333,22027,4735,1027,24,53,15,7,112,59.333,85.061,79.168,91.902,21187,5575,1867,23054,26762,85,75
lemurs_imagenet_150_5e-5,68.966,63.681,77.592,68.383,77.104,80.574,87.236,81.075,71.985,88.071,76.784,67.624,80.091,78.153,80.207,84.448,95.218,74.667,17.333,8,22600,4162,1135,31,56,13,6,139,61.641,86.33,81.448,91.835,21797,4965,1938,23735,26762,93,75
lemurs_imagenet_160,68.12,62.547,77.631,67.376,77.169,80.405,88.939,81.627,71.285,85.735,77.54,66.479,79.093,78.55,79.179,83.245,95.344,72,21.333,6.6667,22278,4484,1088,23,54,16,5,111,61.238,85.589,80.158,91.809,21452,5310,1914,23366,26762,95,75
lemurs_imagenet_160_1e-5,65.942,60.36,74.687,64.87,75.843,77.951,84.928,80.351,68.871,85.659,75.586,64.747,76.952,77.061,77.05,81.291,95.042,69.333,20,10.667,21755,5007,1135,26,52,15,8,104,58.305,83.606,77.558,90.677,20756,6006,2134,22890,26762,91,75
lemurs_imagenet_160_5e-5,68.924,63.565,78.79,68.443,77.126,81.84,88.964,81.323,72.102,87.477,76.932,67.298,80.345,78.358,80.469,84.605,95.339,77.333,14.667,8,22642,4120,1107,33,58,11,6,122,62.035,85.692,80.868,91.128,21642,5120,2107,23749,26762,94,75
lemurs_imagenet_170,67.887,62.623,78.227,66.584,78.592,80.787,90.423,81.878,70.599,84.788,77.901,66.05,79.583,78.819,79.706,82.214,97.041,70.667,22.667,6.6667,22002,4760,671,33,53,17,5,111,62.169,85.207,78.697,92.89,21061,5701,1612,22673,26762,97,75
lemurs_imagenet_170_1e-5,66.229,61.311,74.013,65.918,76.062,77.288,84.434,80.455,69.191,86.159,75.66,65.188,78.395,77.092,78.511,82.587,95.296,72,18.667,9.3333,22102,4660,1091,31,54,14,7,116,59.476,83.843,78.253,90.294,20942,5820,2251,23193,26762,88,75
lemurs_imagenet_170_5e-5,68.236,63.313,75.764,67.608,77.824,78.445,85.445,81.296,70.981,86.59,77.138,66.794,79.273,78.55,79.385,83.129,95.69,76,14.667,9.3333,22247,4515,1002,30,57,11,7,121,61.442,84.853,79.284,91.264,21218,5544,2031,23249,26762,94,75
lemurs_imagenet_180,68.505,63.479,79.594,67.406,78.472,81.858,91.145,81.639,71.242,85.871,77.568,66.609,80.633,78.555,80.756,83.327,97.007,72,21.333,6.6667,22300,4462,688,33,54,16,5,126,62.763,85.813,79.762,92.857,21346,5416,1642,22988,26762,96,75
lemurs_imagenet_180_1e-5,65.46,59.23,74.639,63.513,76.15,77.513,84.792,80.616,68.24,84.651,76.131,64.446,75.734,77.312,75.813,79.609,95.448,70.667,17.333,12,21305,5457,1016,21,53,13,9,99,57.672,82.799,75.929,91.035,20320,6442,2001,22321,26762,86,75
lemurs_imagenet_180_5e-5,68.55,63.648,77.23,67.985,77.806,80.611,86.948,81.238,71.402,86.991,77.069,67.043,80.394,78.303,80.48,83.929,96.053,74.667,16,9.3333,22461,4301,923,23,56,12,7,123,62.184,85.135,79.762,91.285,21346,5416,2038,23384,26762,89,75
lemurs_imagenet_190,68.265,63.286,78.783,67.31,78.675,81.091,90.75,81.958,71.026,85.291,77.791,66.349,79.882,78.919,80.001,82.778,96.755,72,21.333,6.6667,22153,4609,743,32,54,16,5,121,62.432,85.026,78.884,92.204,21111,5651,1785,22896,26762,97,75
lemurs_imagenet_190_1e-5,66.538,61.767,74.064,66.014,76.842,77.088,84.524,80.627,69.299,85.91,76.01,65.301,79.258,77.24,79.363,82.636,96.19,72,18.667,9.3333,22115,4647,876,28,54,14,7,116,60.45,84.071,78.148,90.966,20914,5848,2077,22991,26762,88,75
lemurs_imagenet_190_5e-5,68.849,63.52,77.762,68.002,77.995,80.738,87.926,81.673,71.762,86.641,77.593,67.227,79.448,78.939,79.549,83.368,95.62,74.667,16,9.3333,22311,4451,1022,27,56,12,7,126,61.89,85.37,79.901,91.643,21383,5379,1950,23333,26762,95,75
lemurs_imagenet_20,66.491,60.814,75.947,66.27,74.262,79.144,85.021,80.06,69.989,86.801,75.112,65.198,78.57,76.432,78.671,83.955,94.079,74.667,17.333,8,22468,4294,1414,27,56,13,6,111,58.784,85.013,80.439,90.139,21527,5235,2355,23882,26762,92,75
lemurs_imagenet_200,68.291,62.346,80.037,67.582,76.734,82.362,90.62,81.774,71.733,85.532,77.627,66.396,78.406,78.728,78.559,83.316,94.599,72,20,8,22297,4465,1273,41,54,15,6,100,60.683,85.23,80.147,91.001,21449,5313,2121,23570,26762,99,75
lemurs_imagenet_200_1e-5,66.78,60.96,76.671,65.422,76.598,80.204,86.918,80.746,69.728,85.801,76.226,65.403,77.479,77.49,77.591,81.5,95.424,72,18.667,9.3333,21811,4951,1046,30,54,14,7,119,59.133,84.19,78.047,91.381,20887,5875,1970,22857,26762,87,75
lemurs_imagenet_200_5e-5,69.097,64.201,76.773,68.492,78.009,79.436,85.766,81.334,71.87,87.684,77.246,67.732,81.085,78.434,81.171,84.485,96.225,77.333,13.333,9.3333,22610,4152,887,23,58,10,7,126,62.865,86.146,80.891,92.131,21648,5114,1849,23497,26762,91,75
lemurs_imagenet_20_1e-5,60.119,51.979,71.909,57.004,73.344,74.851,84.12,80.323,63.391,78.315,74.371,58.244,62.663,77.388,62.761,70.241,90.375,56,25.333,18.667,18798,7964,2002,26,42,19,14,119,46.781,74.698,66.378,85.404,17764,8998,3036,20800,26762,80,75
lemurs_imagenet_20_5e-5,67.551,62.021,78.785,67.086,75.324,82.383,88.218,80.108,70.945,88.241,74.974,66.158,78.582,76.786,78.66,83.861,94.16,70.667,21.333,8,22443,4319,1392,21,53,16,6,120,59.114,85.4,80.73,90.644,21605,5157,2230,23835,26762,84,75
lemurs_imagenet_30,68.783,63.126,80.201,68.597,76.587,83.178,89.029,81.365,72.283,88.394,76.215,67.37,78.223,78.514,78.305,83.936,93.713,70.667,21.333,8,22463,4299,1507,22,53,16,6,104,60.189,85.473,81.014,90.451,21681,5081,2289,23970,26762,88,75
lemurs_imagenet_30_1e-5,65.51,58.16,76.301,63.193,75.073,79.36,84.749,80.643,68.75,84.596,75.98,64.276,73.092,77.493,73.167,78.671,93.461,69.333,17.333,13.333,21054,5708,1473,20,52,13,10,108,55.386,82.688,76.145,90.46,20378,6384,2149,22527,26762,84,75
lemurs_imagenet_30_5e-5,67.68,62.291,77.746,66.923,77.055,81.275,88.203,81.217,70.749,86.029,76.812,66.08,79.146,78.06,79.25,83.051,95.624,73.333,17.333,9.3333,22226,4536,1017,28,55,13,7,88,60.925,84.8,79.224,91.219,21202,5560,2041,23243,26762,87,75
lemurs_imagenet_40,64.749,59.042,74.36,66.804,71.791,77.861,85.029,80.449,69.451,84.137,74.49,62.673,73.044,77.502,73.242,83.148,89.355,72,20,8,22252,4510,2651,53,54,15,6,92,54.338,80.72,77.916,83.733,20852,5910,4051,24903,26762,101,75
lemurs_imagenet_40_1e-5,65.313,59.059,75.02,64.073,74.395,78.085,84.83,79.962,68.544,85.262,75.119,64.048,75.514,76.512,75.603,80.865,93.891,68,22.667,9.3333,21641,5121,1408,24,51,17,7,110,56.521,83.973,78.148,90.737,20914,5848,2135,23049,26762,89,75
lemurs_imagenet_40_5e-5,68.757,63.512,79.316,68.453,76.714,82.354,88.595,81.085,71.993,87.942,76.456,67.238,79.901,78.064,79.979,84.605,94.816,74.667,17.333,8,22642,4120,1238,21,56,13,6,93,61.341,85.948,81.321,91.135,21763,4999,2117,23880,26762,88,75
lemurs_imagenet_50,67.915,62.166,79.623,68.426,74.74,82.474,89.457,80.818,71.89,87.23,75.835,66.151,77.248,77.825,77.382,84.467,92.262,72,22.667,5.3333,22605,4157,1896,36,54,17,4,131,58.517,84.174,80.618,88.058,21575,5187,2926,24501,26762,99,75
lemurs_imagenet_50_1e-5,66.712,60.452,77.758,65.438,74.687,81.212,86.757,79.911,70.047,87.2,74.897,65.31,77.356,76.434,77.416,82.516,94.179,73.333,17.333,9.3333,22083,4679,1365,16,55,13,7,122,57.911,85.214,79.938,91.236,21393,5369,2055,23448,26762,83,75
lemurs_imagenet_50_5e-5,66.601,61.037,78.563,68.745,71.209,81.967,87.29,79.386,71.394,88.124,73.742,64.984,77.756,75.819,77.969,87.254,90.382,78.667,16,5.3333,23351,3411,2485,57,59,12,4,134,56.656,84.596,83.133,86.112,22248,4514,3588,25836,26762,106,75
lemurs_imagenet_60,69.372,63.193,79.12,69.22,76.412,82.297,87.886,81.943,73.123,87.269,77.701,67.809,77.909,79.276,78.032,84.31,93.07,78.667,13.333,8,22563,4199,1680,33,59,10,6,96,60.436,85.482,81.459,89.923,21800,4962,2443,24243,26762,91,75
lemurs_imagenet_60_1e-5,65.903,59.883,78.146,65.606,73.954,81.361,88.149,80.113,69.614,85.642,75.144,64.354,75.383,76.883,75.506,82.109,92.557,69.333,21.333,9.3333,21974,4788,1767,33,52,16,7,110,56.402,82.736,78.066,88,20892,5870,2849,23741,26762,91,75
lemurs_imagenet_60_5e-5,68.681,63.242,77.116,67.411,77.718,79.905,85.863,81.05,71.396,87.904,76.959,67.65,80.256,78.132,80.342,83.54,96.312,73.333,20,6.6667,22357,4405,856,23,55,15,5,106,61.987,86.627,80.883,93.249,21646,5116,1567,23213,26762,84,75
lemurs_imagenet_70,67.261,60.049,81.007,65.88,74.805,83.516,89.935,80.934,71.067,86.638,75.437,65.358,75.021,78.01,75.163,81.616,92.673,72,20,8,21842,4920,1727,38,54,15,6,116,57.074,83.511,78.529,89.168,21016,5746,2553,23569,26762,95,75
lemurs_imagenet_70_1e-5,66.691,61.172,75.495,66.587,74.495,78.411,84.187,80.071,70.12,87.134,75.251,65.569,78.735,76.62,78.847,84.116,94.106,74.667,18.667,6.6667,22511,4251,1410,30,56,14,5,102,59.068,85.563,81.022,90.644,21683,5079,2238,23921,26762,86,75
lemurs_imagenet_70_5e-5,68.191,62.343,79.884,67.917,75.564,82.977,89.44,80.787,71.879,87.61,75.635,66.264,79.228,77.495,79.344,84.613,94.138,76,17.333,6.6667,22644,4118,1410,31,57,13,5,99,60.186,85.52,81.193,90.334,21729,5033,2325,24054,26762,93,75
lemurs_imagenet_80,66.847,60.476,77.237,66.3,74.352,80.508,86.897,80.417,70.529,86.937,75.253,65.423,75.831,77.303,75.958,82.565,92.591,73.333,17.333,9.3333,22096,4666,1768,34,55,13,7,125,57.091,84.542,79.964,89.675,21400,5362,2464,23864,26762,96,75
lemurs_imagenet_80_1e-5,65.593,58.981,77.066,64.33,74.631,80.656,87.123,80.609,69.113,84.423,75.755,63.955,75.312,77.013,75.405,80.801,93.74,70.667,18.667,10.667,21624,5138,1444,25,53,14,8,98,56.738,82.701,76.993,89.323,20605,6157,2463,23068,26762,90,75
lemurs_imagenet_80_5e-5,68.426,62.964,79.125,67.142,77.278,82.102,89.175,80.754,71.275,88.061,76.153,67.061,80.82,77.457,80.913,83.899,96.564,73.333,21.333,5.3333,22453,4309,799,25,55,16,4,111,61.906,86.76,81.07,93.308,21696,5066,1556,23252,26762,89,75
lemurs_imagenet_90,65.115,58.341,78.347,68.171,69.97,81.149,89.199,81.185,71.057,82.952,75.761,62.845,70.249,78.056,70.473,83.951,86.166,70.667,21.333,8,22467,4295,3607,60,53,16,6,131,51.826,80.245,79.213,81.303,21199,5563,4875,26074,26762,113,75
lemurs_imagenet_90_1e-5,66.405,60.771,75.882,64.786,77.15,79.175,87.034,80.902,69.098,85.18,76.505,65.167,78.189,77.503,78.279,81.126,96.609,69.333,21.333,9.3333,21711,5051,762,24,52,16,7,97,59.938,84.017,77.285,92.035,20683,6079,1790,22473,26762,82,75
lemurs_imagenet_90_5e-5,66.617,61.103,78.442,68.079,73.894,81.098,89.386,81.054,70.991,84.463,76.18,64.344,75.29,78.142,75.503,83.817,90.976,69.333,24,6.6667,22431,4331,2225,57,52,18,5,122,56.969,81.855,78.634,85.35,21044,5718,3612,24656,26762,107,75
lemurs_macaquecp_10,16.77,6.6841,42.195,6.8719,54.685,46.575,64.242,70.865,17.012,28.226,56.052,15.821,5.2238,66.323,5.2724,8.9194,70.978,4,10.667,85.333,2387,24375,976,13,3,8,64,73,2.22,14.739,8.2953,66.012,2220,24542,1143,3363,26762,21,75
lemurs_macaquecp_100,65.222,58.253,75.11,63.232,75.776,78.365,85.112,80.964,68.413,84.73,75.475,63.95,70.978,78.158,71.131,77.289,92.62,62.667,25.333,12,20684,6078,1648,41,47,19,9,164,54.096,81.831,75.058,89.947,20087,6675,2245,22332,26762,85,75
lemurs_macaquecp_100_1e-5,47.394,39.627,57.601,45.041,64.677,61.847,74.44,77.576,50.761,67.689,68.093,46.092,40.191,75.169,40.337,54.988,78.961,40,36,24,14716,12046,3921,39,30,27,18,184,26.537,58.376,49.514,71.1,13251,13511,5386,18637,26762,82,75
lemurs_macaquecp_100_5e-5,61.287,55.129,70.542,62.968,71.623,74.442,84.134,81.462,65.946,79.499,75.42,59.959,61.52,79.421,61.684,74.8,85.082,57.333,29.333,13.333,20018,6744,3510,44,43,22,10,173,46.127,73.156,68.736,78.183,18395,8367,5133,23528,26762,95,75
lemurs_macaquecp_10_1e-5,2.7599,1.3496,6.05,1.4264,13.756,7.5135,25.625,61.009,2.8436,12.023,21.281,2.5587,-9.7601,57.373,-9.7489,0.31014,2.991,0,0,100,83,26679,2692,3,0,0,75,15,-9.8923,0.45367,0.25035,2.4144,67,26695,2708,2775,26762,91,75
lemurs_macaquecp_10_5e-5,13.5,5.6104,33.211,5.8203,44.516,36.264,58.395,67.488,13.772,25.149,48.035,12.08,0.41477,61.807,0.42971,6.7521,51.643,1.3333,8,90.667,1807,24955,1692,4,1,6,68,95,-2.1641,10.654,6.0235,46.07,1612,25150,1887,3499,26762,28,75
lemurs_macaquecp_110,64.926,57.712,74.761,64.767,72.763,77.992,84.316,80.802,69.198,85.027,75.265,63.996,68.138,78.22,68.31,78.66,88.372,68,20,12,21051,5711,2770,46,51,15,9,153,51.006,80.181,75.775,85.131,20279,6483,3542,23821,26762,93,75
lemurs_macaquecp_110_1e-5,48.587,41.731,57.472,46.984,66.381,62.048,74.097,77.861,51.784,69.01,69.47,47.942,43.438,75.44,43.569,57.174,80.778,38.667,40,21.333,15301,11461,3641,35,29,30,16,181,29.396,60.074,51.297,72.474,13728,13034,5214,18942,26762,86,75
lemurs_macaquecp_110_5e-5,63.626,56.886,73.895,64.036,73.469,77.854,85.644,81.742,67.97,82.787,75.799,62.752,63.235,79.848,63.426,75.293,86.384,58.667,29.333,12,20150,6612,3176,51,44,22,9,159,48.062,76.378,71.474,82.003,19128,7634,4198,23326,26762,100,75
lemurs_macaquecp_120,64.135,57.401,73.324,65.688,71.252,76.372,84.255,80.847,69.026,83.712,75.142,62.903,66.176,78.466,66.408,79.299,86.017,66.667,22.667,10.667,21222,5540,3450,62,50,17,8,167,49.1,77.968,74.923,81.27,20051,6711,4621,24672,26762,101,75
lemurs_macaquecp_120_1e-5,49.351,42.508,58.378,48.275,65.684,63.158,74.318,77.836,52.852,69.258,69.901,48.412,45.038,75.054,45.202,59.349,80.751,44,36,20,15883,10879,3786,44,33,27,15,186,30.233,61.916,53.71,73.079,14374,12388,5295,19669,26762,88,75
lemurs_macaquecp_120_5e-5,63.096,57.201,71.694,63.833,74.155,75.686,84.264,81.707,67.083,81.362,76.141,61.949,65.268,79.597,65.402,75.742,87.989,58.667,30.667,10.667,20270,6492,2767,36,44,23,8,147,49.815,76.596,71.265,82.789,19072,7690,3965,23037,26762,101,75
lemurs_macaquecp_130,64.871,58.497,73.656,64.793,74.13,76.759,84.475,80.997,68.689,83.998,75.709,63.594,69.901,78.463,70.073,78.739,90.086,68,20,12,21072,5690,2319,46,51,15,9,150,52.943,79.6,74.587,85.336,19961,6801,3430,23391,26762,94,75
lemurs_macaquecp_130_1e-5,50.781,43.372,60.526,49.383,65.741,64.935,75.74,77.806,54.454,72.391,69.209,50.101,45.632,75.131,45.793,60.455,80.481,41.333,38.667,20,16179,10583,3924,43,31,29,15,195,30.597,63.378,55.493,73.875,14851,11911,5252,20103,26762,86,75
lemurs_macaquecp_130_5e-5,63.539,57.679,72.558,64.745,73.817,76.149,86.124,81.783,67.775,81.838,76.329,62.466,65.66,79.704,65.821,76.766,87.522,61.333,28,10.667,20544,6218,2929,43,46,21,8,182,50.08,76.492,71.792,81.851,19213,7549,4260,23473,26762,103,75
lemurs_macaquecp_140,64.684,57.849,73.902,65.244,72.583,77.047,84.315,80.969,69.098,84.513,75.213,63.564,67.712,78.536,67.947,78.918,87.795,66.667,22.667,10.667,21120,5642,2936,63,50,17,8,164,50.772,79.11,75.11,83.559,20101,6661,3955,24056,26762,96,75
lemurs_macaquecp_140_1e-5,50.609,43.568,59.813,49.355,66.407,64.289,75.411,78.011,54.128,71.608,69.591,49.833,45.89,75.336,46.028,60.175,80.965,41.333,37.333,21.333,16104,10658,3786,37,31,28,16,183,31.048,63.629,55.459,74.62,14842,11920,5048,19890,26762,85,75
lemurs_macaquecp_140_5e-5,63.197,56.718,72.604,63.688,73.552,76.563,85.325,81.697,67.395,82.024,76.007,62.344,64.285,79.646,64.416,75.503,87.196,60,29.333,10.667,20206,6556,2967,35,45,22,8,165,48.917,76.808,71.658,82.756,19177,7585,3996,23173,26762,99,75
lemurs_macaquecp_150,65.855,59.617,74.461,65.699,74.689,77.418,84.887,80.927,69.556,85.683,75.617,64.79,71.261,78.472,71.381,79.673,90.574,66.667,24,9.3333,21322,5440,2219,32,50,18,7,142,54.109,80.635,75.783,86.152,20281,6481,3260,23541,26762,100,75
lemurs_macaquecp_150_1e-5,50.484,42.82,60.549,48.198,66.929,64.708,76.677,78.139,53.814,71.202,69.796,49.696,45.202,75.575,45.318,58.665,81.465,38.667,38.667,22.667,15700,11062,3572,31,29,29,17,199,30.873,63.149,54.312,75.42,14535,12227,4737,19272,26762,87,75
lemurs_macaquecp_150_5e-5,62.901,56.516,72.251,64.862,71.681,76.178,84.634,81.626,67.825,81.18,76.003,61.699,63.684,79.482,63.919,77.203,85.32,62.667,28,9.3333,20661,6101,3555,63,47,21,7,168,47.843,76.315,72.685,80.327,19452,7310,4764,24216,26762,102,75
lemurs_macaquecp_160,66.176,60.03,74.649,65.961,75.152,77.633,84.972,81.226,69.785,85.29,76.26,65.042,72.218,78.66,72.397,80.084,91.243,64,26.667,9.3333,21432,5330,2057,48,48,20,7,162,55.128,81.789,76.788,87.488,20550,6212,2939,23489,26762,97,75
lemurs_macaquecp_160_1e-5,51.107,44.573,59.887,50.51,66.766,64.088,76.481,78.094,54.726,71.113,69.487,49.414,47.937,75.316,48.068,61.86,81.769,42.667,38.667,18.667,16555,10207,3691,35,32,29,14,213,32.668,63.606,55.863,73.842,14950,11812,5296,20246,26762,89,75
lemurs_macaquecp_160_5e-5,62.717,56.569,72.447,64.271,72.51,76.002,86.3,81.516,67.331,80.92,75.75,61.297,63.351,79.41,63.564,76.1,85.856,57.333,30.667,12,20366,6396,3355,57,43,23,9,184,47.682,75.027,70.765,79.836,18938,7824,4783,23721,26762,106,75
lemurs_macaquecp_170,65.954,60.523,73.601,67.39,73.91,76.523,84.896,80.905,70.028,85.708,75.444,64.662,71.332,78.573,71.516,81.347,89.218,65.333,26.667,8,21770,4992,2631,49,49,20,6,168,53.903,81.098,77.52,85.021,20746,6016,3655,24401,26762,102,75
lemurs_macaquecp_170_1e-5,51.943,44.26,62.305,50.033,67.097,66.472,78.227,78.315,55.541,72.427,69.911,50.635,46.925,75.679,47.037,60.803,81.539,42.667,34.667,22.667,16272,10490,3684,30,32,26,17,194,32.137,64.416,56.225,75.401,15047,11715,4909,19956,26762,88,75
lemurs_macaquecp_170_5e-5,62.291,55.991,71.646,64.993,70.74,75.549,85.18,81.631,67.553,80.617,75.705,61.03,62.387,79.641,62.589,77.233,84.061,62.667,26.667,10.667,20669,6093,3919,54,47,20,8,161,46.663,74.532,71.504,77.827,19136,7626,5452,24588,26762,108,75
lemurs_macaquecp_180,65.786,60.646,73.164,66.059,75.794,75.996,84.819,80.991,69.101,84.971,75.768,64.381,72.491,78.57,72.681,79.919,91.696,65.333,25.333,9.3333,21388,5374,1937,51,49,19,7,170,55.364,80.736,75.551,86.684,20219,6543,3106,23325,26762,98,75
lemurs_macaquecp_180_1e-5,53.142,46.087,62.786,51.206,69.162,66.942,78.275,78.471,56.347,73.399,70.806,51.971,51.977,75.476,52.096,63.067,85.182,45.333,37.333,17.333,16878,9884,2936,32,34,28,13,206,36.51,66.712,58.052,78.409,15536,11226,4278,19814,26762,89,75
lemurs_macaquecp_180_5e-5,62.377,56.037,72.082,64.56,71.221,75.963,85.269,81.521,67.421,81.045,75.496,61.186,62.271,79.452,62.465,76.556,84.455,58.667,30.667,10.667,20488,6274,3771,52,44,23,8,164,46.54,74.859,71.359,78.721,19097,7665,5162,24259,26762,104,75
lemurs_macaquecp_190,65.561,59.592,73.888,65.533,74.808,76.824,84.914,80.869,69.185,85.229,75.315,64.19,70.903,78.437,71.049,79.325,90.552,68,21.333,10.667,21229,5533,2215,39,51,16,8,148,53.798,80.743,75.738,86.457,20269,6493,3175,23444,26762,100,75
lemurs_macaquecp_190_1e-5,50.524,43.289,60.133,49.23,66.668,64.76,76.265,78.681,54.153,70.028,70.623,49.456,45.856,76.05,46.02,59.932,81.161,40,40,20,16039,10723,3723,44,30,30,15,190,31.502,63.099,54.846,74.274,14678,12084,5084,19762,26762,93,75
lemurs_macaquecp_190_5e-5,63.284,57.301,73.011,64.148,73.597,76.615,86.372,81.298,67.477,82.388,75.07,61.849,65.197,79.077,65.384,76.272,87.508,58.667,30.667,10.667,20412,6350,2914,50,44,23,8,178,49.238,77.048,72.102,82.723,19296,7466,4030,23326,26762,101,75
lemurs_macaquecp_20,38.774,27.171,56.602,29.484,64.555,60.673,74.911,76.538,40.57,55.649,66.316,36.904,28.608,73.018,28.701,37.187,81.42,21.333,28,50.667,9952,16810,2271,25,16,21,38,111,18.574,46.731,34.037,74.523,9109,17653,3114,12223,26762,58,75
lemurs_macaquecp_200,66.688,60.909,74.783,66.072,76.148,77.969,84.571,81.017,69.885,86.395,75.953,65.62,73.246,78.559,73.406,80.087,92.3,65.333,25.333,9.3333,21433,5329,1788,43,49,19,7,154,56.074,82.828,77.348,89.143,20700,6062,2521,23221,26762,95,75
lemurs_macaquecp_200_1e-5,52.751,45.479,63.478,51.092,68.264,68.231,78.92,78.652,56.279,73.15,70.433,51.522,49.731,75.833,49.839,62.342,83.295,42.667,40,17.333,16684,10078,3346,29,32,30,13,186,34.665,65.815,57.537,76.875,15398,11364,4632,20030,26762,85,75
lemurs_macaquecp_200_5e-5,63.165,57.532,71.538,64.064,74.491,75.27,85.221,81.715,67.096,81.715,76.045,62.14,65.26,79.664,65.429,75.716,88.039,60,26.667,13.333,20263,6499,2753,45,45,20,10,182,49.863,75.74,70.439,81.904,18851,7911,4165,23016,26762,98,75
lemurs_macaquecp_20_1e-5,6.7109,3.3786,14.089,3.6196,24.979,15.901,49.8,63.797,6.9641,19.144,31.795,6.0868,-9.5396,60.697,-9.4612,2.5148,17.354,0,4,96,673,26089,3205,21,0,3,72,61,-10.528,3.2768,1.8758,12.945,502,26260,3376,3878,26762,74,75
lemurs_macaquecp_20_5e-5,25.536,15.057,45.106,16.485,49.968,49.663,67.253,71.093,26.857,43.096,54.078,23.305,3.1201,69.073,3.2023,18.097,54.853,5.3333,25.333,69.333,4843,21919,3986,22,4,19,52,158,-2.4766,25.349,16.856,51.093,4511,22251,4318,8829,26762,54,75
lemurs_macaquecp_30,50.398,43.612,59.378,48.24,68.426,63.412,75.956,77.953,53.284,69.422,70.732,49.104,49.809,75.007,49.91,60.205,85.398,38.667,42.667,18.667,16112,10650,2755,27,29,32,14,167,34.762,64.862,55.295,78.433,14798,11964,4069,18867,26762,83,75
lemurs_macaquecp_30_1e-5,14.762,8.8236,27.357,9.9147,33.263,31.963,50.901,65.399,15.752,31.789,40.365,12.832,-11.995,62.52,-11.871,8.9679,30.086,1.3333,16,82.667,2400,24362,5577,33,1,12,62,140,-15.356,11.589,7.5219,25.235,2013,24749,5964,7977,26762,77,75
lemurs_macaquecp_30_5e-5,37.132,28.102,49.727,32.359,55.788,54.017,69.733,74.298,39.993,57.148,62.956,35.978,22.823,70.609,22.924,40.464,69.761,18.667,41.333,40,10829,15933,4694,27,14,31,30,215,10.931,47.095,37.206,64.144,9957,16805,5566,15523,26762,76,75
lemurs_macaquecp_40,54.702,47.96,63.953,55.099,67.223,67.937,79.129,79.041,58.968,74.417,71.848,53.467,53.845,76.402,54.036,67.999,82.963,48,40,12,18198,8564,3737,51,36,30,9,181,37.799,69.006,62.783,76.599,16802,9960,5133,21935,26762,98,75
lemurs_macaquecp_40_1e-5,19.742,10.924,36.845,11.717,46.243,40.78,58.597,68.308,20.518,36.17,49.914,18.054,1.7114,64.427,1.7749,13.557,53.502,5.3333,20,74.667,3628,23134,3153,17,4,15,56,171,-3.1111,19.885,12.462,49.182,3335,23427,3446,6781,26762,41,75
lemurs_macaquecp_40_5e-5,46.061,36.155,59.614,39.878,67.091,63.388,76.067,78.098,48.569,64.033,69.857,44.731,38.902,75.401,39.007,49.223,82.813,29.333,36,34.667,13173,13589,2734,28,22,27,26,150,26.794,57.217,45.613,76.74,12207,14555,3700,15907,26762,77,75
lemurs_macaquecp_50,55.592,47.872,66.576,55.099,67.565,70.207,80.524,79.519,60.035,74.194,72.698,53.938,52.948,76.736,53.105,67.327,82.56,49.333,37.333,13.333,18018,8744,3806,42,37,28,10,181,37.286,68.386,62.077,76.123,16613,10149,5211,21824,26762,95,75
lemurs_macaquecp_50_1e-5,24.434,15.529,38.925,16.836,52.191,43.388,61.12,71.119,25.505,40.062,56.566,22.661,8.3215,68.092,8.4261,20.342,63.06,8,26.667,65.333,5444,21318,3189,28,6,20,49,146,1.8308,26.518,17.536,54.361,4693,22069,3940,8633,26762,50,75
lemurs_macaquecp_50_5e-5,50.816,41.778,63.513,47.515,66.638,67.332,79.278,79.094,54.513,69.41,71.218,49.432,45.079,76.439,45.206,58.254,81.7,38.667,38.667,22.667,15590,11172,3492,34,29,29,17,158,31.354,63.681,54.544,76.496,14597,12165,4485,19082,26762,83,75
lemurs_macaquecp_60,58.132,49.792,70.006,57.859,66.941,73.805,82.111,79.149,63.101,79.337,71.688,56.875,55.523,76.33,55.717,71.075,82.232,53.333,33.333,13.333,19021,7741,4110,52,40,25,10,187,38.7,72.443,67.529,78.129,18072,8690,5059,23131,26762,94,75
lemurs_macaquecp_60_1e-5,29.686,20.045,45.26,22.738,50.798,49.992,67.558,72.481,31.772,49.099,55.969,27.48,8.9978,69.936,9.1286,26.945,60.197,12,30.667,57.333,7211,19551,4768,35,9,23,43,169,0.89705,33.272,24.083,53.802,6445,20317,5534,11979,26762,72,75
lemurs_macaquecp_60_5e-5,55.123,45.557,69.247,52.044,68.368,73.432,83.14,80.164,59.317,74.058,72.765,53.888,49.97,77.434,50.116,63.119,82.918,46.667,34.667,18.667,16892,9870,3480,39,35,26,14,187,35.727,67.768,59.678,78.397,15971,10791,4401,20372,26762,88,75
lemurs_macaquecp_70,61.351,54.527,70.814,62.394,70.094,74.478,82.552,80.235,66.04,81.34,73.965,60.163,63.721,77.523,63.889,76.452,85.887,62.667,29.333,8,20460,6302,3362,45,47,22,6,166,46.537,76.245,72.057,80.95,19284,7478,4538,23822,26762,98,75
lemurs_macaquecp_70_1e-5,33.158,25.225,44.496,29.796,50.13,49.918,62.679,72.395,36.215,54.776,58.085,31.817,10.623,69.593,10.81,35.124,59.093,16,38.667,45.333,9400,17362,6507,50,12,29,34,225,-0.056945,37.821,30.151,50.726,8069,18693,7838,15907,26762,77,75
lemurs_macaquecp_70_5e-5,56.787,48.606,68.375,55.335,69.699,72.14,82.078,80.574,60.99,74.671,74.186,55.396,55.198,77.802,55.373,67.383,84.873,52,33.333,14.667,18033,8729,3214,47,39,25,11,170,40.24,69.937,62.731,79.014,16788,9974,4459,21247,26762,96,75
lemurs_macaquecp_80,61.819,55.286,70.924,63.789,69.083,74.514,81.792,79.726,66.839,82.704,73.475,60.766,64.068,77.114,64.222,78.279,84.776,64,28,8,20949,5813,3762,41,48,21,6,160,46.153,76.856,73.911,80.045,19780,6982,4931,24711,26762,99,75
lemurs_macaquecp_80_1e-5,37.855,29.576,49.12,34.356,55.321,54.052,67.023,73.907,40.96,59.428,62.145,36.932,21.874,70.876,22.009,42.056,67.72,21.333,41.333,37.333,11255,15507,5365,36,16,31,28,199,9.6258,46.282,37.512,60.403,10039,16723,6581,16620,26762,84,75
lemurs_macaquecp_80_5e-5,58.825,51.123,69.871,58.684,69.608,74.175,83.452,80.559,63.438,78.835,73.524,57.963,58.512,77.881,58.703,71.504,84.815,56,29.333,14.667,19136,7626,3426,51,42,22,11,170,42.696,72.821,67.106,79.598,17959,8803,4603,22562,26762,96,75
lemurs_macaquecp_90,65.297,58.705,74.622,64.261,74.474,77.794,84.378,80.323,68.776,86.256,74.158,63.966,69.158,77.832,69.232,77.76,90.118,65.333,22.667,12,20810,5952,2282,20,49,17,9,167,51.92,81.217,75.648,87.671,20245,6517,2847,23092,26762,87,75
lemurs_macaquecp_90_1e-5,44.538,36.327,55.455,42.08,60.491,59.758,72.702,76.203,48.155,64.88,66.034,42.843,33.039,73.478,33.178,51.371,73.846,32,40,28,13748,13014,4869,37,24,30,21,182,19.415,55.462,47.022,67.594,12584,14178,6033,18617,26762,88,75
lemurs_macaquecp_90_5e-5,61.478,54.458,71.701,60.868,73.509,75.497,84.96,81.571,65.419,79.794,75.846,60.521,61.897,79.299,62.066,72.435,87.477,58.667,28,13.333,19385,7377,2775,45,44,21,10,185,46.903,73.66,67.327,81.309,18018,8744,4142,22160,26762,99,75
lemurs_macaquecpw_100_5e-5,67.967,62.239,75.746,68.628,76.051,79.358,84.868,82.145,71.74,87.062,77.361,67.352,75.342,79.693,75.465,82.853,91.814,72,21.333,6.6667,22173,4589,1977,33,54,16,5,113,58.517,84.424,80.304,88.99,21491,5271,2659,24150,26762,86,75
lemurs_macaquecpw_10_5e-5,40.108,30.303,54.243,34.638,61.01,58.245,75.333,77.988,43.069,55.384,67.561,37.418,25.222,76.278,25.327,41.051,72.305,22.667,37.333,40,10986,15776,4208,28,17,28,30,149,15.484,47.831,37.493,66.039,10034,16728,5160,15194,26762,75,75
lemurs_macaquecpw_110_5e-5,67.087,61.481,75.225,67.408,76.627,78.849,85.734,82.288,70.637,85.25,77.562,66.122,74.815,79.834,74.95,81.459,92.6,69.333,24,6.6667,21800,4962,1742,36,52,18,5,129,58.388,82.999,78.006,88.676,20876,5886,2666,23542,26762,90,75
lemurs_macaquecpw_120_5e-5,67.63,62.206,75.425,67.844,77.33,78.941,86.251,82.461,71.028,85.656,77.817,66.656,75.439,80.042,75.589,81.661,93.079,70.667,22.667,6.6667,21854,4908,1625,40,53,17,5,106,59.141,83.76,78.623,89.616,21041,5721,2438,23479,26762,90,75
lemurs_macaquecpw_130_5e-5,67.334,61.783,75.168,68.038,76.428,78.736,85.749,82.413,71.047,85.543,77.676,66.447,74.213,80.064,74.367,81.694,91.769,70.667,21.333,8,21863,4899,1961,41,53,16,6,120,57.927,83.023,78.466,88.142,20999,5763,2825,23824,26762,90,75
lemurs_macaquecpw_140_5e-5,67.654,62.871,74.619,68.859,76.973,78.152,85.406,82.326,71.206,86.248,77.446,66.796,74.509,80.16,74.662,82.06,91.73,70.667,21.333,8,21961,4801,1980,41,53,16,6,114,58.227,82.847,78.481,87.728,21003,5759,2938,23941,26762,90,75
lemurs_macaquecpw_150_5e-5,66.903,61.478,74.674,67.247,77.093,78.264,85.625,82.538,70.362,84.56,77.911,65.881,74.303,80.153,74.479,80.853,92.692,68,25.333,6.6667,21638,5124,1706,47,51,19,5,109,58.256,82.473,77.206,88.511,20662,6100,2682,23344,26762,91,75
lemurs_macaquecpw_160_5e-5,68.224,63.092,75.839,68.492,77.63,79.183,86.215,82.167,71.498,87.211,77.255,67.375,75.435,79.969,75.585,81.907,92.834,70.667,21.333,8,21920,4842,1692,40,53,16,6,115,59.029,83.722,78.795,89.306,21087,5675,2525,23612,26762,91,75
lemurs_macaquecpw_170_5e-5,68.449,62.606,76.724,68.874,76.606,80.143,86.375,82.329,72.2,87.628,77.295,67.732,73.761,80.257,73.892,81.9,91.093,70.667,20,9.3333,21918,4844,2143,35,53,15,7,112,57.592,83.596,79.377,88.288,21243,5519,2818,24061,26762,89,75
lemurs_macaquecpw_180_5e-5,68.026,62.705,75.839,68.091,77.711,79.005,87.061,82.323,71.29,86.619,77.494,67.125,74.602,80.166,74.707,81.164,92.631,68,22.667,9.3333,21721,5041,1728,28,51,17,7,109,58.504,83.32,78.163,89.206,20918,5844,2531,23449,26762,94,75
lemurs_macaquecpw_190_5e-5,67.734,62.394,75.607,67.325,78.611,78.972,87.382,82.74,70.761,85.211,78.348,66.761,76.1,80.292,76.213,80.928,94.494,69.333,24,6.6667,21658,5104,1262,30,52,18,5,107,60.151,83.62,77.618,90.628,20772,5990,2148,22920,26762,93,75
lemurs_macaquecpw_200_5e-5,67.108,62.196,74.384,68.405,76.612,77.877,85.808,82.426,70.783,85.431,77.562,66.262,73.866,80.251,74.034,81.661,91.458,70.667,20,9.3333,21854,4908,2041,45,53,15,7,120,57.739,81.718,77.341,86.621,20698,6064,3197,23895,26762,93,75
lemurs_macaquecpw_20_5e-5,55.925,47.389,68.82,52.801,71.898,72.712,84.11,80.958,59.43,72.955,74.082,54.046,51.282,78.974,51.379,62.409,84.98,42.667,38.667,18.667,16702,10060,2952,26,32,29,14,170,38.159,66.46,57.634,78.478,15424,11338,4230,19654,26762,82,75
lemurs_macaquecpw_30_5e-5,59.346,51.05,71.216,56.694,74.048,75.097,85.081,82.063,62.901,75.197,76.225,57.318,57.563,80.008,57.656,67.11,87.653,54.667,26.667,18.667,17960,8802,2530,25,41,20,14,140,44.146,70.863,62.559,81.708,16742,10020,3748,20490,26762,81,75
lemurs_macaquecpw_40_5e-5,61.144,53.617,71.078,59.167,74.708,74.471,82.956,81.866,64.54,78.233,76.31,59.699,61.673,79.801,61.883,70.54,89.068,56,28,16,18878,7884,2317,56,42,21,12,154,47.425,73.482,65.84,83.133,17620,9142,3575,21195,26762,94,75
lemurs_macaquecpw_50_5e-5,62.544,56.46,70.72,61.377,76.541,73.595,84.245,81.937,65.548,79.704,76.944,61.327,67.469,79.542,67.618,73.903,92.162,60,28,12,19778,6984,1682,40,45,21,9,112,52.349,76.828,69.218,86.319,18524,8238,2936,21460,26762,90,75
lemurs_macaquecpw_60_5e-5,63.212,56.25,73.028,63.08,73.785,76.212,86.17,82.002,67.332,80.422,76.848,61.803,66.636,79.523,66.83,76.16,89.086,65.333,24,10.667,20382,6380,2497,52,49,18,8,146,51.04,77.65,72.016,84.239,19273,7489,3606,22879,26762,100,75
lemurs_macaquecpw_70_5e-5,62.627,56.271,71.802,63.555,72.917,75.015,85.392,81.718,66.953,80.389,76.229,61.279,65.66,79.441,65.907,76.534,87.808,60,30.667,9.3333,20482,6280,2844,66,45,23,7,134,49.925,76.226,71.332,81.84,19090,7672,4236,23326,26762,95,75
lemurs_macaquecpw_80_5e-5,65.055,58.24,74.639,64.849,74.831,77.846,86.654,82.216,69.051,82.779,77.304,63.992,69.188,79.756,69.285,77.972,89.975,64,26.667,9.3333,20867,5895,2325,26,48,20,7,122,53.403,80.23,74.879,86.405,20039,6723,3153,23192,26762,93,75
lemurs_macaquecpw_90_5e-5,66.28,60.335,75.022,66.434,76.345,78.683,86.586,82.22,69.995,84.523,76.794,64.908,69.771,80.199,69.883,78.451,90.154,64,24,12,20995,5767,2293,30,48,18,9,124,54.237,79.916,74.729,85.877,19999,6763,3289,23288,26762,90,75
lemurs_nopretrain_10,12.552,2.9997,53.526,3.0473,51.002,55.881,63.103,71.153,12.659,19.263,57.141,11.007,1.7413,65.836,1.745,3.86,64.603,2.6667,2.6667,94.667,1033,25729,566,1,2,2,71,29,0.42254,6.7134,3.5573,59.537,952,25810,647,1599,26762,5,75
lemurs_nopretrain_100,56.939,47.124,75.539,53.472,67.577,79.155,86.431,78.458,61.394,76.928,69.803,53.698,51.233,75.296,51.394,65.26,82.475,48,33.333,18.667,17465,9297,3711,43,36,25,14,177,35.111,69.586,62.323,78.764,16679,10083,4497,21176,26762,95,75
lemurs_nopretrain_100_1e-5,54.185,45.31,69.985,53.165,61.325,73.673,79.921,75.487,59.358,78.653,65.973,51.89,48.595,71.58,48.797,67.745,78.143,49.333,32,18.667,18130,8632,5071,54,37,24,14,197,29.342,68.871,64.289,74.156,17205,9557,5996,23201,26762,103,75
lemurs_nopretrain_100_5e-5,57.634,49.116,71.743,54.654,70.094,74.342,84.566,79.056,61.375,77.298,71.392,55.185,58.082,75.849,58.198,68.085,87.32,53.333,32,14.667,18221,8541,2646,31,40,24,11,137,41.639,72.72,64.711,82.992,17318,9444,3549,20867,26762,92,75
lemurs_nopretrain_10_1e-5,27.253,12.456,65.964,12.779,56.509,69.405,76.037,68.675,27.753,44.458,56.237,25.002,12.555,60.925,12.563,17.588,77.776,10.667,10.667,78.667,4707,22055,1345,2,8,8,59,58,5.6825,28.5,17.473,77.264,4676,22086,1376,6052,26762,24,75
lemurs_nopretrain_10_5e-5,1.4406,0.19672,10.582,0.19686,41.484,11.007,42.809,67.186,1.441,3.6264,41.753,1.5142,-0.20552,52.815,-0.20552,0.13452,28.346,0,0,100,36,26726,91,0,0,0,75,4,-0.26899,0.19339,0.097153,20.472,26,26736,101,127,26762,2,75
lemurs_nopretrain_110,59.019,49.925,73.62,54.964,72.161,76.73,85.634,79.705,62.511,76.951,73.042,56.207,59.521,76.47,59.667,67.917,89.168,50.667,33.333,16,18176,8586,2208,39,38,25,12,160,43.54,72.727,64.061,84.105,17144,9618,3240,20384,26762,87,75
lemurs_nopretrain_110_1e-5,58.114,49.371,72.685,54.552,69.806,75.867,84.95,78.129,61.725,79.054,70.603,55.815,57.694,74.756,57.821,67.984,86.994,50.667,33.333,16,18194,8568,2720,34,38,25,12,158,40.532,72.342,64.438,82.457,17245,9517,3669,20914,26762,88,75
lemurs_nopretrain_110_5e-5,62.393,54.349,75.173,60.028,72.23,77.809,85.941,79.591,66.156,82.381,72.975,60.118,65.429,76.528,65.589,74.348,89.461,62.667,26.667,10.667,19897,6865,2344,43,47,20,8,137,47.978,78.13,71.531,86.071,19143,7619,3098,22241,26762,94,75
lemurs_nopretrain_120,58.049,48.81,72.458,54.246,70.424,75.331,84.08,79.284,61.703,77.156,72.469,55.914,56.73,76.243,56.842,66.934,86.897,53.333,29.333,17.333,17913,8849,2701,30,40,22,13,133,40.828,72.746,64.39,83.594,17232,9530,3382,20614,26762,90,75
lemurs_nopretrain_120_1e-5,57.49,48.711,72.522,54.183,68.482,75.442,83.748,77.623,61.3,78.629,69.463,54.618,56.053,74.069,56.199,67.659,85.515,50.667,33.333,16,18107,8655,3067,39,38,25,12,162,38.509,71.95,64.438,81.444,17245,9517,3929,21174,26762,87,75
lemurs_nopretrain_120_5e-5,63.163,55.422,76.271,61.244,72.082,79.585,86.055,79.211,67.048,83.582,72.751,60.807,66.916,76.062,67.02,75.992,89.441,62.667,26.667,10.667,20337,6425,2401,28,47,20,8,170,48.725,78.962,73.025,85.949,19543,7219,3195,22738,26762,91,75
lemurs_nopretrain_130,58.159,48.92,73.068,53.806,71.59,75.786,85.117,79.434,61.535,76.064,72.995,55.523,58.478,76.155,58.591,66.875,88.978,52,33.333,14.667,17897,8865,2217,30,39,25,11,150,42.532,73.982,64.793,86.209,17340,9422,2774,20114,26762,91,75
lemurs_nopretrain_130_1e-5,57.604,49.183,71.901,54.459,69.03,75.046,83.732,77.699,61.277,78.45,70.107,54.999,57.35,73.994,57.488,68.19,86.435,49.333,36,14.667,18249,8513,2864,37,37,27,11,144,39.617,72.648,64.98,82.366,17390,9372,3723,21113,26762,88,75
lemurs_nopretrain_130_5e-5,62.124,55.011,74.231,60.254,73.276,77.555,85.592,79.704,65.623,81.119,73.726,59.806,66.74,76.735,66.863,74.546,90.657,64,25.333,10.667,19950,6812,2056,33,48,19,8,165,49.397,77.161,70.305,85.499,18815,7947,3191,22006,26762,102,75
lemurs_nopretrain_140,58.234,48.432,73.549,53.32,72.035,76.511,85.426,79.783,61.623,75.941,73.3,55.664,56.042,76.81,56.203,65.111,87.965,50.667,30.667,18.667,17425,9337,2384,43,38,23,14,134,40.943,71.435,62.155,83.972,16634,10128,3175,19809,26762,91,75
lemurs_nopretrain_140_1e-5,57.007,48.41,71.323,52.963,70.665,74.501,84.07,78.215,60.233,76.873,70.866,54.477,58.112,74.51,58.239,66.594,88.852,48,37.333,14.667,17822,8940,2236,34,36,28,11,160,41.137,72.708,63.601,84.859,17021,9741,3037,20058,26762,89,75
lemurs_nopretrain_140_5e-5,61.84,54.059,74.534,59.495,72.76,77.472,85.956,79.767,65.461,81.199,73.219,59.453,64.408,76.905,64.58,73.175,89.49,64,24,12,19583,7179,2300,46,48,18,9,150,47.509,76.842,69.838,85.409,18690,8072,3193,21883,26762,100,75
lemurs_nopretrain_150,58.453,49.214,73.34,53.924,72.463,76.532,86.171,79.822,61.74,75.957,73.347,55.712,59.596,76.376,59.738,67.076,90.138,50.667,36,13.333,17951,8811,1964,38,38,27,10,153,43.75,73.522,64.117,86.161,17159,9603,2756,19915,26762,91,75
lemurs_nopretrain_150_1e-5,56.829,47.252,74.717,52.003,69.391,78.564,87.001,77.824,60.302,77.504,69.895,54.172,54.846,74.135,54.966,64.954,86.672,48,36,16,17383,9379,2673,32,36,27,12,170,38.046,70.686,61.83,82.504,16547,10215,3509,20056,26762,85,75
lemurs_nopretrain_150_5e-5,62.537,54.921,76.137,59.617,73.875,79.451,87.964,79.591,65.798,81.591,73.695,60.128,66.49,76.472,66.583,73.642,91.253,64,25.333,10.667,19708,7054,1889,25,48,19,8,168,49.163,77.723,70.223,87.017,18793,7969,2804,21597,26762,95,75
lemurs_nopretrain_160,57.387,47.453,72.903,53.073,70.39,76.05,84.991,79.933,61.194,74.45,73.73,54.892,55.179,76.891,55.28,65.339,86.659,50.667,30.667,18.667,17486,9276,2692,27,38,23,14,140,40.08,71.184,62.428,82.798,16707,10055,3471,20178,26762,92,75
lemurs_nopretrain_160_1e-5,57.916,49.54,72.265,54.233,70.169,75.67,83.329,77.732,61.262,79.587,69.875,55.611,57.813,74.213,57.918,67.603,87.469,52,32,16,18092,8670,2592,28,39,24,12,154,40.38,72.466,64.237,83.113,17191,9571,3493,20684,26762,84,75
lemurs_nopretrain_160_5e-5,61.831,53.801,74.64,58.901,72.702,77.375,85.068,79.379,65.281,81.57,72.992,59.539,64.834,76.103,64.958,72.988,90.089,61.333,26.667,12,19533,7229,2149,33,46,20,9,158,47.393,77.467,70.114,86.542,18764,7998,2918,21682,26762,94,75
lemurs_nopretrain_170,58.65,50.631,71.633,55.426,72.448,74.338,84.875,79.437,61.938,76.975,72.879,56.098,59.958,76.299,60.07,68.287,89.26,50.667,36,13.333,18275,8487,2199,30,38,27,10,164,43.773,73.126,64.536,84.356,17271,9491,3203,20474,26762,93,75
lemurs_nopretrain_170_1e-5,57.79,48.679,72.879,53.402,70.377,75.825,84.371,78.225,61.15,77.683,70.997,55.153,58.878,74.348,59.02,67.45,88.891,50.667,33.333,16,18051,8711,2256,38,38,25,12,161,41.576,73.598,64.722,85.296,17321,9441,2986,20307,26762,91,75
lemurs_nopretrain_170_5e-5,61.6,53.844,73.947,58.796,73.732,76.528,85.613,79.98,64.95,80.425,73.619,59.208,63.396,77.263,63.519,71.631,89.827,58.667,29.333,12,19170,7592,2171,33,44,22,9,151,47.109,75.7,68.033,85.315,18207,8555,3134,21341,26762,95,75
lemurs_nopretrain_180,57.797,47.982,73.126,52.718,71.985,75.663,85.325,79.847,61.082,75.543,73.551,55.563,57.742,76.52,57.862,65.548,89.505,49.333,34.667,16,17542,9220,2057,32,37,26,12,165,42.351,72.401,62.712,85.632,16783,9979,2816,19599,26762,83,75
lemurs_nopretrain_180_1e-5,56.325,46.93,72.175,51.377,69.745,75.379,83.955,77.831,59.546,76.662,70.229,53.839,55.59,73.914,55.736,64.7,87.831,46.667,36,17.333,17315,9447,2399,39,35,27,13,170,38.712,71.572,62.148,84.366,16632,10130,3082,19714,26762,87,75
lemurs_nopretrain_180_5e-5,62.428,54.352,75.705,59.505,73.285,78.444,86.193,79.92,65.934,81.515,73.695,60.072,64.678,76.984,64.786,72.992,89.894,62.667,25.333,12,19534,7228,2196,29,47,19,9,164,47.878,77.27,70.006,86.217,18735,8027,2995,21730,26762,92,75
lemurs_nopretrain_190,59.365,50.282,73.292,54.82,72.895,76.132,84.724,79.633,62.499,78.406,73.448,57.587,59.939,76.54,60.078,67.641,89.943,53.333,30.667,16,18102,8660,2024,37,40,23,12,156,44.071,74.228,65.025,86.465,17402,9360,2724,20126,26762,86,75
lemurs_nopretrain_190_1e-5,56.503,47.947,70.619,52.648,70.196,73.574,83.238,78.189,59.784,76.117,71.065,54.092,57.301,74.585,57.44,66.221,88.292,48,34.667,17.333,17722,9040,2350,37,36,26,13,153,40.471,71.102,62.215,82.951,16650,10112,3422,20072,26762,89,75
lemurs_nopretrain_190_5e-5,61.528,53.713,74.509,58.408,73.843,77.63,85.786,79.986,64.761,80.007,73.936,59.154,64.894,76.656,65.018,72.057,91.1,60,29.333,10.667,19284,7478,1884,33,45,22,8,142,48.073,76.887,68.851,87.046,18426,8336,2742,21168,26762,93,75
lemurs_nopretrain_20,39.109,20.238,76.866,20.923,75.159,79.4,84.83,81.461,39.842,48.623,76.799,37.342,23.694,78.652,23.72,25.779,92.604,22.667,6.6667,70.667,6899,19863,551,7,17,5,53,27,18.191,39.442,25.211,90.564,6747,20015,703,7450,26762,27,75
lemurs_nopretrain_200,59.331,50.669,72.902,54.684,74.507,75.246,85.906,80.154,62.17,76.614,74.492,57.071,61.793,76.787,61.901,67.648,92.17,53.333,30.667,16,18104,8658,1538,29,40,23,12,157,46.09,73.903,64.072,87.298,17147,9615,2495,19642,26762,88,75
lemurs_nopretrain_200_1e-5,56.757,47.293,72.151,51.928,70.042,75.19,84.43,78.247,60.061,76.467,70.731,54.086,55.889,74.513,56.023,65.081,87.783,52,28,20,17417,9345,2424,36,39,21,15,157,39.302,71.159,61.957,83.569,16581,10181,3260,19841,26762,89,75
lemurs_nopretrain_200_5e-5,60.293,52.787,72.906,57.661,72.72,75.475,84.98,79.432,63.612,79.19,73.11,57.896,64.281,76.247,64.382,71.837,90.598,61.333,28,10.667,19225,7537,1995,27,46,21,8,172,47.218,75.695,67.857,85.58,18160,8602,3060,21220,26762,93,75
lemurs_nopretrain_20_1e-5,44.306,28.891,70.64,30.771,67.086,73.879,80.078,76.043,45.988,61.815,67.546,41.753,29.987,72.95,29.994,37.931,82.697,25.333,21.333,53.333,10151,16611,2124,2,19,16,40,80,19.726,51.167,37.318,81.36,9987,16775,2288,12275,26762,47,75
lemurs_nopretrain_20_5e-5,32.455,15.685,68.894,15.989,72.439,71.871,79.405,77.02,32.853,43.174,71.196,30.738,20.275,72.658,20.286,21.179,95.954,17.333,8,74.667,5668,21094,239,3,13,6,56,30,14.484,33.64,20.533,93.025,5495,21267,412,5907,26762,23,75
lemurs_nopretrain_30,46.529,32.496,71.71,34.86,69.57,75.795,85.556,78.126,48.54,63.447,69.636,44.182,33.406,75.857,33.465,41.787,83.393,25.333,34.667,40,11183,15579,2227,16,19,26,30,103,23.317,53.744,40.337,80.5,10795,15967,2615,13410,26762,53,75
lemurs_nopretrain_30_1e-5,45.745,33.794,64.223,37.193,63.727,67.491,77.269,75.335,48.302,65.489,66.739,43.707,35.379,71.945,35.427,46.895,80.351,30.667,28,41.333,12550,14212,3069,13,23,21,31,125,22.222,56.346,44.615,76.445,11940,14822,3679,15619,26762,65,75
lemurs_nopretrain_30_5e-5,50.152,34.814,77.603,37.269,72.512,80.582,89.54,80.015,52.241,64.297,73.728,47.405,39.104,77.341,39.141,45.269,88.077,34.667,20,45.333,12115,14647,1640,10,26,15,34,79,28.846,57.981,43.891,85.394,11746,15016,2009,13755,26762,60,75
lemurs_nopretrain_40,48.728,34.646,72.209,37.771,67.849,75.728,82.867,77.738,51.263,66.623,68.47,45.617,34.142,75.718,34.183,44.926,80.702,30.667,24,45.333,12023,14739,2875,11,23,18,34,96,23.233,55.819,43.446,78.044,11627,15135,3271,14898,26762,58,75
lemurs_nopretrain_40_1e-5,53.134,42.028,73.17,46.282,67.924,77.127,85.164,77.398,56.385,72.947,68.88,50.246,45.942,74.144,46.032,57.085,83.778,40,30.667,29.333,15277,11485,2958,24,30,23,22,127,31.182,64.862,54.529,80.027,14593,12169,3642,18235,26762,71,75
lemurs_nopretrain_40_5e-5,50.858,38.563,69.47,41.959,69.43,72.272,81.779,78.083,53.384,69.394,69.673,48.349,40.883,76.106,40.935,50.684,83.868,37.333,22.667,40,13564,13198,2609,14,28,17,30,103,28.772,60.71,48.7,80.585,13033,13729,3140,16173,26762,70,75
lemurs_nopretrain_50,53.44,42.43,73.939,48.083,66.784,77.412,86.955,78.711,57.39,71.367,71.278,50.869,46.689,75.652,46.798,59.398,82.499,44,33.333,22.667,15896,10866,3372,29,33,25,17,165,32.227,66.105,56.849,78.96,15214,11548,4054,19268,26762,91,75
lemurs_nopretrain_50_1e-5,46.072,34.696,62.506,38.979,62.75,66.335,75.211,76.276,49.071,65.033,67.819,44.105,34.53,73.251,34.594,48.356,77.845,33.333,29.333,37.333,12941,13821,3683,17,25,22,28,140,21.596,57.922,46.951,75.583,12565,14197,4059,16624,26762,76,75
lemurs_nopretrain_50_5e-5,41.554,24.43,73.553,26.944,62.252,77.05,83.093,78.013,43.842,56.393,67.255,37.927,21.516,75.838,21.527,32.404,74.868,24,13.333,62.667,8672,18090,2911,3,18,10,47,54,13.686,44.506,31.885,73.668,8533,18229,3050,11583,26762,48,75
lemurs_nopretrain_60,54.306,43.872,70.13,51.31,63.871,73.602,81.18,78.113,59.193,74.114,70.005,51.884,45.262,75.491,45.382,62.858,78.245,46.667,30.667,22.667,16822,9940,4677,32,35,23,17,143,29.856,66.099,59.599,74.189,15950,10812,5549,21499,26762,91,75
lemurs_nopretrain_60_1e-5,50.853,40.988,66.399,47.335,62.085,70.253,78.63,75.946,55.135,72.869,66.347,48.346,39.975,73.074,40.094,58.168,76.294,41.333,32,26.667,15567,11195,4837,32,31,24,20,159,24.312,62.973,55.493,72.785,14851,11911,5553,20404,26762,82,75
lemurs_nopretrain_60_5e-5,57.893,49.308,71.871,58.655,64.731,75.549,83.051,78.728,63.773,78.662,70.582,55.521,52.197,75.956,52.373,71.493,78.899,54.667,32,13.333,19133,7629,5117,47,41,24,10,186,35.007,70.65,67.334,74.309,18020,8742,6230,24250,26762,101,75
lemurs_nopretrain_70,54.728,44.674,74.967,52.114,64.599,78.509,86.528,78.312,59.806,74.052,69.301,51.318,43.756,75.887,43.935,62.305,77.23,41.333,40,18.667,16674,10088,4916,48,31,30,14,163,28.732,65.131,58.837,72.932,15746,11016,5844,21590,26762,100,75
lemurs_nopretrain_70_1e-5,52.739,42.362,69.539,48.2,63.978,73.543,79.913,76.356,56.784,75.12,67.087,50.396,40.733,73.811,40.827,58.082,77.096,44,30.667,25.333,15544,11218,4618,25,33,23,19,145,25.522,62.893,55.138,73.187,14756,12006,5406,20162,26762,76,75
lemurs_nopretrain_70_5e-5,55.849,44.728,73.143,52.137,65.142,76.634,83.454,78.79,60.814,75.817,70.465,53.424,47.65,75.923,47.788,63.912,79.854,49.333,28,22.667,17104,9658,4315,37,37,21,17,139,32.261,67.828,61.057,76.287,16340,10422,5079,21419,26762,92,75
lemurs_nopretrain_80,54.807,45.004,70.905,51.79,66.323,73.924,83.969,78.864,59.361,73.31,70.308,51.543,47.53,76.005,47.702,62.895,80.544,46.667,33.333,20,16832,9930,4066,46,35,25,15,175,32.438,66.114,58.871,75.39,15755,11007,5143,20898,26762,100,75
lemurs_nopretrain_80_1e-5,55.653,46.645,71.78,51.961,67.103,74.917,83.519,76.753,59.366,77.923,68.466,53.35,53.632,73.264,53.752,65.593,84.708,49.333,32,18.667,17554,9208,3169,32,37,24,14,161,36.095,69.757,61.886,79.921,16562,10200,4161,20723,26762,87,75
lemurs_nopretrain_80_5e-5,56.957,46.927,72.567,52.868,68.606,75.743,83.787,79.099,60.967,76.294,71.148,54.281,54.174,76.157,54.267,65.664,85.211,53.333,25.333,21.333,17573,9189,3050,25,40,19,16,93,38.518,70.702,62.592,81.225,16751,10011,3872,20623,26762,86,75
lemurs_nopretrain_90,54.82,45.47,69.529,52.858,65.015,72.398,82.637,78.225,59.643,74.687,69.735,52.083,47.676,75.269,47.964,64.633,79.497,46.667,38.667,14.667,17297,9465,4461,77,35,29,11,194,31.692,67.218,60.933,74.947,16307,10455,5451,21758,26762,117,75
lemurs_nopretrain_90_1e-5,55.238,45.611,70.176,53.64,63.454,73.505,80.967,77.562,60.397,76.679,68.571,52.579,47.978,74.88,48.109,66.322,78.456,53.333,29.333,17.333,17749,9013,4874,35,40,22,13,153,31.319,68.665,63.355,74.946,16955,9807,5668,22623,26762,93,75
lemurs_nopretrain_90_5e-5,59.108,50.088,74.344,57.589,67.537,77.659,85.381,78.91,64.007,79.615,71.173,56.664,55.956,76.045,56.102,70.686,82.897,53.333,33.333,13.333,18917,7845,3903,39,40,25,10,157,39.023,72.918,67.547,79.216,18077,8685,4743,22820,26762,101,75
